#Layer_Color=0
#
#Feature symbol names
#
$0 r3.937

#
#Feature attribute names
#

#
#Layer features
#
L 0.0393701 1.8110237 0.0787401 1.8110237 0 P 0
L 0.0590551 1.7913387 0.0590551 1.8307087 0 P 0
L 0.1181103 2.1259843 0.1574803 2.1259843 0 P 0
L 0.1368895 2.6377953 0.1762595 2.6377953 0 P 0
L 0.1377953 1.8110237 0.1771653 1.8110237 0 P 0
L 0.1377953 2.1062993 0.1377953 2.1456693 0 P 0
L 0.1377953 2.7559055 0.1771653 2.7559055 0 P 0
L 0.1446513 2.5393702 0.1840213 2.5393702 0 P 0
L 0.1565745 2.6181103 0.1565745 2.6574803 0 P 0
L 0.1574803 1.7913387 0.1574803 1.8307087 0 P 0
L 0.1574803 2.7362205 0.1574803 2.7755905 0 P 0
L 0.1643363 2.5196852 0.1643363 2.5590552 0 P 0
L 0.1968504 1.2598426 0.2362204 1.2598426 0 P 0
L 0.1968504 1.4370079 0.2362204 1.4370079 0 P 0
L 0.2165354 1.2401576 0.2165354 1.2795276 0 P 0
L 0.2165354 1.4173229 0.2165354 1.4566929 0 P 0
L 0.2165354 1.5748032 0.2559054 1.5748032 0 P 0
L 0.2165354 1.6732284 0.2559054 1.6732284 0 P 0
L 0.2362204 1.5551182 0.2362204 1.5944882 0 P 0
L 0.2362204 1.6535434 0.2362204 1.6929134 0 P 0
L 0.2362205 1.8110237 0.2755905 1.8110237 0 P 0
L 0.2559055 1.7913387 0.2559055 1.8307087 0 P 0
L 0.3149607 1.2598426 0.3543307 1.2598426 0 P 0
L 0.3149607 1.4370079 0.3543307 1.4370079 0 P 0
L 0.3327307 2.7165355 0.3721007 2.7165355 0 P 0
L 0.3346457 1.2401576 0.3346457 1.2795276 0 P 0
L 0.3346457 1.4173229 0.3346457 1.4566929 0 P 0
L 0.3346457 1.8110237 0.3740157 1.8110237 0 P 0
L 0.3524157 2.6968505 0.3524157 2.7362205 0 P 0
L 0.3543307 1.7913387 0.3543307 1.8307087 0 P 0
L 0.452756 1.8110237 0.492126 1.8110237 0 P 0
L 0.472441 1.2598426 0.511811 1.2598426 0 P 0
L 0.472441 1.4370079 0.511811 1.4370079 0 P 0
L 0.472441 1.7913387 0.472441 1.8307087 0 P 0
L 0.492126 1.2401576 0.492126 1.2795276 0 P 0
L 0.492126 1.4173229 0.492126 1.4566929 0 P 0
L 0.5511812 1.8110237 0.5905512 1.8110237 0 P 0
L 0.5708662 1.4370079 0.6102362 1.4370079 0 P 0
L 0.5708662 1.5748033 0.6102362 1.5748033 0 P 0
L 0.5708662 1.6732285 0.6102362 1.6732285 0 P 0
L 0.5708662 1.7913387 0.5708662 1.8307087 0 P 0
L 0.5905512 1.2598426 0.6299212 1.2598426 0 P 0
L 0.5905512 1.4173229 0.5905512 1.4566929 0 P 0
L 0.5905512 1.5551183 0.5905512 1.5944883 0 P 0
L 0.5905512 1.6535435 0.5905512 1.6929135 0 P 0
L 0.6102362 1.2401576 0.6102362 1.2795276 0 P 0
L 0.6309056 2.7952756 0.6702756 2.7952756 0 P 0
L 0.6496064 1.8110237 0.6889764 1.8110237 0 P 0
L 0.6505906 2.7755906 0.6505906 2.8149606 0 P 0
L 0.6692914 1.7913387 0.6692914 1.8307087 0 P 0
L 0.6692914 2.430315 0.7086614 2.430315 0 P 0
L 0.6755907 2.1653542 0.7149607 2.1653542 0 P 0
L 0.6755907 2.2637794 0.7149607 2.2637794 0 P 0
L 0.6889764 2.41063 0.6889764 2.45 0 P 0
L 0.6889764 2.8937008 0.7283464 2.8937008 0 P 0
L 0.6952757 2.1456692 0.6952757 2.1850392 0 P 0
L 0.6952757 2.2440944 0.6952757 2.2834644 0 P 0
L 0.7086614 2.8740158 0.7086614 2.9133858 0 P 0
L 0.7480315 1.8110237 0.7874015 1.8110237 0 P 0
L 0.7677165 1.7913387 0.7677165 1.8307087 0 P 0
L 0.7677166 1.3098425 0.8070866 1.3098425 0 P 0
L 0.7874015 0.7874016 0.8267715 0.7874016 0 P 0
L 0.7874016 1.2901575 0.7874016 1.3295275 0 P 0
L 0.7874018 0.2755906 0.8267718 0.2755906 0 P 0
L 0.8070865 0.7677166 0.8070865 0.8070866 0 P 0
L 0.8070868 0.2559056 0.8070868 0.2952756 0 P 0
L 0.8464567 1.8129924 0.8858267 1.8129924 0 P 0
L 0.8661417 1.7933074 0.8661417 1.8326774 0 P 0
L 0.8858268 0.964567 0.9251968 0.964567 0 P 0
L 0.8858271 0.452756 0.9251971 0.452756 0 P 0
L 0.9055118 0.944882 0.9055118 0.984252 0 P 0
L 0.9055121 0.433071 0.9055121 0.472441 0 P 0
L 0.9448819 1.8129924 0.9842519 1.8129924 0 P 0
L 0.9448819 2.5393701 0.9842519 2.5393701 0 P 0
L 0.9448819 2.6968504 0.9842519 2.6968504 0 P 0
L 0.9448819 2.8543307 0.9842519 2.8543307 0 P 0
L 0.9645669 1.7933074 0.9645669 1.8326774 0 P 0
L 0.9645669 2.5196851 0.9645669 2.5590551 0 P 0
L 0.9645669 2.6771654 0.9645669 2.7165354 0 P 0
L 0.9645669 2.8346457 0.9645669 2.8740157 0 P 0
L 0.964567 2.2450788 1.003937 2.2450788 0 P 0
L 0.984252 2.2253938 0.984252 2.2647638 0 P 0
L 1.0039369 1.2598427 1.0433069 1.2598427 0 P 0
L 1.0039369 1.4370081 1.0433069 1.4370081 0 P 0
L 1.003937 1.5748031 1.043307 1.5748031 0 P 0
L 1.003937 1.6732283 1.043307 1.6732283 0 P 0
L 1.0236219 1.2401577 1.0236219 1.2795277 0 P 0
L 1.0236219 1.4173231 1.0236219 1.4566931 0 P 0
L 1.023622 1.5551181 1.023622 1.5944881 0 P 0
L 1.023622 1.6535433 1.023622 1.6929133 0 P 0
L 1.0433071 1.8129924 1.0826771 1.8129924 0 P 0
L 1.0629921 1.7933074 1.0629921 1.8326774 0 P 0
L 1.0629921 2.1269686 1.1023621 2.1269686 0 P 0
L 1.0629921 2.304134 1.1023621 2.304134 0 P 0
L 1.0826771 2.1072836 1.0826771 2.1466536 0 P 0
L 1.0826771 2.284449 1.0826771 2.323819 0 P 0
L 1.0826772 2.5393701 1.1220472 2.5393701 0 P 0
L 1.0826772 2.6968504 1.1220472 2.6968504 0 P 0
L 1.0826772 2.8543307 1.1220472 2.8543307 0 P 0
L 1.1023622 0.6102362 1.1417322 0.6102362 0 P 0
L 1.1023622 0.7086614 1.1417322 0.7086614 0 P 0
L 1.1023622 0.8070866 1.1417322 0.8070866 0 P 0
L 1.1023622 2.5196851 1.1023622 2.5590551 0 P 0
L 1.1023622 2.6771654 1.1023622 2.7165354 0 P 0
L 1.1023622 2.8346457 1.1023622 2.8740157 0 P 0
L 1.1220472 0.5905512 1.1220472 0.6299212 0 P 0
L 1.1220472 0.6889764 1.1220472 0.7283464 0 P 0
L 1.1220472 0.7874016 1.1220472 0.8267716 0 P 0
L 1.1220472 1.2598427 1.1614172 1.2598427 0 P 0
L 1.1220472 1.4370081 1.1614172 1.4370081 0 P 0
L 1.1417322 1.2401577 1.1417322 1.2795277 0 P 0
L 1.1417322 1.4173231 1.1417322 1.4566931 0 P 0
L 1.1417323 1.8120082 1.1811023 1.8120082 0 P 0
L 1.1614173 1.7923232 1.1614173 1.8316932 0 P 0
L 1.1614173 2.304134 1.2007873 2.304134 0 P 0
L 1.1682733 1.1023622 1.2076433 1.1023622 0 P 0
L 1.1742464 0.2952756 1.2136164 0.2952756 0 P 0
L 1.1811023 2.284449 1.1811023 2.323819 0 P 0
L 1.1811024 0.925197 1.2204724 0.925197 0 P 0
L 1.1879583 1.0826772 1.1879583 1.1220472 0 P 0
L 1.1939314 0.2755906 1.1939314 0.3149606 0 P 0
L 1.1998817 2.4212598 1.2392517 2.4212598 0 P 0
L 1.2007874 0.4330709 1.2401574 0.4330709 0 P 0
L 1.2007874 0.905512 1.2007874 0.944882 0 P 0
L 1.2195667 2.4015748 1.2195667 2.4409448 0 P 0
L 1.2204724 0.4133859 1.2204724 0.4527559 0 P 0
L 1.2204725 2.1259843 1.2598425 2.1259843 0 P 0
L 1.2401575 2.1062993 1.2401575 2.1456693 0 P 0
L 1.2598426 1.8110239 1.2992126 1.8110239 0 P 0
L 1.2795275 1.2608269 1.3188975 1.2608269 0 P 0
L 1.2795275 1.4370081 1.3188975 1.4370081 0 P 0
L 1.2795276 0.6299213 1.3188976 0.6299213 0 P 0
L 1.2795276 1.7913389 1.2795276 1.8307089 0 P 0
L 1.2992125 1.2411419 1.2992125 1.2805119 0 P 0
L 1.2992125 1.4173231 1.2992125 1.4566931 0 P 0
L 1.2992126 0.6102363 1.2992126 0.6496063 0 P 0
L 1.3582678 0.9635826 1.3976378 0.9635826 0 P 0
L 1.3582678 1.8110239 1.3976378 1.8110239 0 P 0
L 1.3769684 1.6732285 1.4163384 1.6732285 0 P 0
L 1.3779528 0.9438976 1.3779528 0.9832676 0 P 0
L 1.3779528 1.5748033 1.4173228 1.5748033 0 P 0
L 1.3779528 1.7913389 1.3779528 1.8307089 0 P 0
L 1.3779528 2.4212598 1.4173228 2.4212598 0 P 0
L 1.3966534 1.6535435 1.3966534 1.6929135 0 P 0
L 1.3976377 1.4370081 1.4370077 1.4370081 0 P 0
L 1.3976378 0.6389764 1.4370078 0.6389764 0 P 0
L 1.3976378 1.2598427 1.4370078 1.2598427 0 P 0
L 1.3976378 1.5551183 1.3976378 1.5944883 0 P 0
L 1.3976378 2.4015748 1.3976378 2.4409448 0 P 0
L 1.4173227 1.4173231 1.4173227 1.4566931 0 P 0
L 1.4173228 0.6192914 1.4173228 0.6586614 0 P 0
L 1.4173228 1.2401577 1.4173228 1.2795277 0 P 0
L 1.456693 1.8110239 1.496063 1.8110239 0 P 0
L 1.476378 1.7913389 1.476378 1.8307089 0 P 0
L 1.5551182 1.8110239 1.5944882 1.8110239 0 P 0
L 1.5748032 1.7913389 1.5748032 1.8307089 0 P 0
L 1.6141733 2.9527559 1.6535433 2.9527559 0 P 0
L 1.6141733 3.0511811 1.6535433 3.0511811 0 P 0
L 1.6338583 2.9330709 1.6338583 2.9724409 0 P 0
L 1.6338583 3.0314961 1.6338583 3.0708661 0 P 0
