#Layer_Color=9474304
#
#Feature symbol names
#
$0 r5

#
#Feature attribute names
#

#
#Layer features
#
L 0.0295275 2.6377953 0.0492125 2.6377953 0 P 0
L 0.0389764 0.3149607 0.0791338 0.3149607 0 P 0
L 0.0389764 0.4149607 0.0791338 0.4149607 0 P 0
L 0.0389764 0.5149607 0.0791338 0.5149607 0 P 0
L 0.0389764 0.6149607 0.0791338 0.6149607 0 P 0
L 0.0389764 0.764567 0.0791338 0.764567 0 P 0
L 0.0389764 0.864567 0.0791338 0.864567 0 P 0
L 0.0389764 0.964567 0.0791338 0.964567 0 P 0
L 0.0389764 1.064567 0.0791338 1.064567 0 P 0
L 0.03937 2.6279528 0.03937 2.6476378 0 P 0
L 0.0492125 2.3425198 0.0688975 2.3425198 0 P 0
L 0.059055 2.3326773 0.059055 2.3523623 0 P 0
L 0.0590551 0.294882 0.0590551 0.3350394 0 P 0
L 0.0590551 0.394882 0.0590551 0.4350394 0 P 0
L 0.0590551 0.494882 0.0590551 0.5350394 0 P 0
L 0.0590551 0.594882 0.0590551 0.6350394 0 P 0
L 0.0590551 0.7444883 0.0590551 0.7846457 0 P 0
L 0.0590551 0.8444883 0.0590551 0.8846457 0 P 0
L 0.0590551 0.9444883 0.0590551 0.9846457 0 P 0
L 0.0590551 1.0444883 0.0590551 1.0846457 0 P 0
L 0.0677166 2.1259843 0.107874 2.1259843 0 P 0
L 0.0877953 2.1059056 0.0877953 2.146063 0 P 0
L 0.095702 1.9308564 0.115387 1.9308564 0 P 0
L 0.0984252 0.1377953 0.2165354 0.1377953 0 P 0
L 0.1055445 1.9210139 0.1055445 1.9406989 0 P 0
L 0.1574803 0.0787402 0.1574803 0.1968504 0 P 0
L 0.1677166 2.1259843 0.207874 2.1259843 0 P 0
L 0.1767717 0.3118111 0.2169291 0.3118111 0 P 0
L 0.1767717 0.4118111 0.2169291 0.4118111 0 P 0
L 0.1767717 0.5118111 0.2169291 0.5118111 0 P 0
L 0.1767717 0.6118111 0.2169291 0.6118111 0 P 0
L 0.1767717 0.7661418 0.2169291 0.7661418 0 P 0
L 0.1767717 0.8661418 0.2169291 0.8661418 0 P 0
L 0.1767717 0.9661418 0.2169291 0.9661418 0 P 0
L 0.1767717 1.0661418 0.2169291 1.0661418 0 P 0
L 0.1877953 2.1059056 0.1877953 2.146063 0 P 0
L 0.1968504 0.2917324 0.1968504 0.3318898 0 P 0
L 0.1968504 0.3917324 0.1968504 0.4318898 0 P 0
L 0.1968504 0.4917324 0.1968504 0.5318898 0 P 0
L 0.1968504 0.5917324 0.1968504 0.6318898 0 P 0
L 0.1968504 0.7460631 0.1968504 0.7862205 0 P 0
L 0.1968504 0.8460631 0.1968504 0.8862205 0 P 0
L 0.1968504 0.9460631 0.1968504 0.9862205 0 P 0
L 0.1968504 1.0460631 0.1968504 1.0862205 0 P 0
L 0.2460629 2.8149607 0.2657479 2.8149607 0 P 0
L 0.2559054 2.8051182 0.2559054 2.8248032 0 P 0
L 0.3145669 0.7677166 0.3547243 0.7677166 0 P 0
L 0.3145669 0.8677166 0.3547243 0.8677166 0 P 0
L 0.3145669 0.9677166 0.3547243 0.9677166 0 P 0
L 0.3145669 1.0677166 0.3547243 1.0677166 0 P 0
L 0.3169292 3.0433071 0.3484252 3.0433071 0 P 0
L 0.3326772 3.0275591 0.3326772 3.0590551 0 P 0
L 0.3346456 0.7476379 0.3346456 0.7877953 0 P 0
L 0.3346456 0.8476379 0.3346456 0.8877953 0 P 0
L 0.3346456 0.9476379 0.3346456 0.9877953 0 P 0
L 0.3346456 1.0476379 0.3346456 1.0877953 0 P 0
L 0.3385826 0.0984252 0.3700786 0.0984252 0 P 0
L 0.3543306 0.0826772 0.3543306 0.1141732 0 P 0
L 0.4035434 1.2992127 0.4232284 1.2992127 0 P 0
L 0.4035434 1.8503938 0.4232284 1.8503938 0 P 0
L 0.4069715 1.4985067 0.4266565 1.4985067 0 P 0
L 0.4133859 1.2893702 0.4133859 1.3090552 0 P 0
L 0.4133859 1.8405513 0.4133859 1.8602363 0 P 0
L 0.416814 1.4886642 0.416814 1.5083492 0 P 0
L 0.4173228 0.0984252 0.4488188 0.0984252 0 P 0
L 0.4232284 2.6181102 0.4429134 2.6181102 0 P 0
L 0.4330708 0.0826772 0.4330708 0.1141732 0 P 0
L 0.4330709 2.6082677 0.4330709 2.6279527 0 P 0
L 0.4468505 2.8622047 0.4783465 2.8622047 0 P 0
L 0.4625984 2.5393701 0.4822834 2.5393701 0 P 0
L 0.4625985 2.8464567 0.4625985 2.8779527 0 P 0
L 0.4660267 1.7150422 0.4857117 1.7150422 0 P 0
L 0.4724409 2.5295276 0.4724409 2.5492126 0 P 0
L 0.4758692 1.7051997 0.4758692 1.7248847 0 P 0
L 0.496063 0.0984252 0.527559 0.0984252 0 P 0
L 0.5019685 2.7755906 0.5216535 2.7755906 0 P 0
L 0.511811 0.0826772 0.511811 0.1141732 0 P 0
L 0.511811 2.7657481 0.511811 2.7854331 0 P 0
L 0.5216536 2.007874 0.5413386 2.007874 0 P 0
L 0.5314961 1.9980315 0.5314961 2.0177165 0 P 0
L 0.5570867 3.0433071 0.5885827 3.0433071 0 P 0
L 0.5728347 3.0275591 0.5728347 3.0590551 0 P 0
L 0.5748032 0.0984252 0.6062992 0.0984252 0 P 0
L 0.5905512 0.0826772 0.5905512 0.1141732 0 P 0
L 0.6594488 0.6496063 0.6791338 0.6496063 0 P 0
L 0.6594488 0.734696 0.6791338 0.734696 0 P 0
L 0.6594488 0.8070867 0.6791338 0.8070867 0 P 0
L 0.6594488 0.8858268 0.6791338 0.8858268 0 P 0
L 0.6594488 0.964567 0.6791338 0.964567 0 P 0
L 0.6594488 1.0433071 0.6791338 1.0433071 0 P 0
L 0.6688977 2.380315 0.7090551 2.380315 0 P 0
L 0.6688977 2.480315 0.7090551 2.480315 0 P 0
L 0.6692913 0.6397638 0.6692913 0.6594488 0 P 0
L 0.6692913 0.7248535 0.6692913 0.7445385 0 P 0
L 0.6692913 0.7972442 0.6692913 0.8169292 0 P 0
L 0.6692913 0.8759843 0.6692913 0.8956693 0 P 0
L 0.6692913 0.9547245 0.6692913 0.9744095 0 P 0
L 0.6692913 1.0334646 0.6692913 1.0531496 0 P 0
L 0.6791338 1.2598426 0.6988188 1.2598426 0 P 0
L 0.6791339 0.3346457 0.6988189 0.3346457 0 P 0
L 0.6889763 1.2500001 0.6889763 1.2696851 0 P 0
L 0.6889764 0.3248032 0.6889764 0.3444882 0 P 0
L 0.6889764 2.3602363 0.6889764 2.4003937 0 P 0
L 0.6889764 2.4602363 0.6889764 2.5003937 0 P 0
L 0.738189 2.9527559 0.757874 2.9527559 0 P 0
L 0.7480315 1.5551181 0.8661417 1.5551181 0 P 0
L 0.7480315 2.9429134 0.7480315 2.9625984 0 P 0
L 0.7625984 0.0590552 0.8027558 0.0590552 0 P 0
L 0.7673229 1.2598425 0.8074803 1.2598425 0 P 0
L 0.7673229 1.3598425 0.8074803 1.3598425 0 P 0
L 0.7775589 1.1220473 0.7972439 1.1220473 0 P 0
L 0.7775591 0.6496063 0.7972441 0.6496063 0 P 0
L 0.7826771 0.0389765 0.7826771 0.0791339 0 P 0
L 0.7874014 1.1122048 0.7874014 1.1318898 0 P 0
L 0.7874016 0.6397638 0.7874016 0.6594488 0 P 0
L 0.7874016 1.2397638 0.7874016 1.2799212 0 P 0
L 0.7874016 1.3397638 0.7874016 1.3799212 0 P 0
L 0.8066928 2.1590551 0.8468502 2.1590551 0 P 0
L 0.8066928 2.2590551 0.8468502 2.2590551 0 P 0
L 0.8066928 2.3590551 0.8468502 2.3590551 0 P 0
L 0.8066928 2.4590551 0.8468502 2.4590551 0 P 0
L 0.8066928 2.5590551 0.8468502 2.5590551 0 P 0
L 0.8066928 2.6590551 0.8468502 2.6590551 0 P 0
L 0.8066928 2.7590551 0.8468502 2.7590551 0 P 0
L 0.8070866 1.496063 0.8070866 1.6141732 0 P 0
L 0.8267715 2.1389764 0.8267715 2.1791338 0 P 0
L 0.8267715 2.2389764 0.8267715 2.2791338 0 P 0
L 0.8267715 2.3389764 0.8267715 2.3791338 0 P 0
L 0.8267715 2.4389764 0.8267715 2.4791338 0 P 0
L 0.8267715 2.5389764 0.8267715 2.5791338 0 P 0
L 0.8267715 2.6389764 0.8267715 2.6791338 0 P 0
L 0.8267715 2.7389764 0.8267715 2.7791338 0 P 0
L 0.8562991 1.1220473 0.8759841 1.1220473 0 P 0
L 0.8562992 0.6102362 0.8759842 0.6102362 0 P 0
L 0.8625984 0.0590552 0.9027558 0.0590552 0 P 0
L 0.8661416 1.1122048 0.8661416 1.1318898 0 P 0
L 0.8661417 0.6003937 0.8661417 0.6200787 0 P 0
L 0.8792323 3.0799213 0.9042323 3.0799213 0 P 0
L 0.8792323 3.1299213 0.9042323 3.1299213 0 P 0
L 0.8826771 0.0389765 0.8826771 0.0791339 0 P 0
L 0.8917323 3.0674213 0.8917323 3.0924213 0 P 0
L 0.8917323 3.1174213 0.8917323 3.1424213 0 P 0
L 0.8956692 0.7874016 0.9153542 0.7874016 0 P 0
L 0.8956693 1.9291341 0.9153543 1.9291341 0 P 0
L 0.8956694 0.2755905 0.9153544 0.2755905 0 P 0
L 0.9055117 0.7775591 0.9055117 0.7972441 0 P 0
L 0.9055118 1.9192916 0.9055118 1.9389766 0 P 0
L 0.9055119 0.265748 0.9055119 0.285433 0 P 0
L 0.9229763 1.2292162 0.9426613 1.2292162 0 P 0
L 0.9292323 3.0799213 0.9542323 3.0799213 0 P 0
L 0.9292323 3.1299213 0.9542323 3.1299213 0 P 0
L 0.9328188 1.2193737 0.9328188 1.2390587 0 P 0
L 0.9350394 0.5905512 0.9547244 0.5905512 0 P 0
L 0.9350394 1.1220473 0.9547244 1.1220473 0 P 0
L 0.9350394 2.0866142 0.9547244 2.0866142 0 P 0
L 0.9417323 3.0674213 0.9417323 3.0924213 0 P 0
L 0.9417323 3.1174213 0.9417323 3.1424213 0 P 0
L 0.9448819 0.5807087 0.9448819 0.6003937 0 P 0
L 0.9448819 1.1122048 0.9448819 1.1318898 0 P 0
L 0.9448819 2.0767717 0.9448819 2.0964567 0 P 0
L 0.9547244 2.6181102 0.9744094 2.6181102 0 P 0
L 0.9625984 0.0590552 1.0027558 0.0590552 0 P 0
L 0.9645669 2.6082677 0.9645669 2.6279527 0 P 0
L 0.9762313 2.3622047 0.9959163 2.3622047 0 P 0
L 0.9792323 3.0799213 1.0042323 3.0799213 0 P 0
L 0.9792323 3.1299213 1.0042323 3.1299213 0 P 0
L 0.9826771 0.0389765 0.9826771 0.0791339 0 P 0
L 0.9860738 2.3523622 0.9860738 2.3720472 0 P 0
L 0.9917323 3.0674213 0.9917323 3.0924213 0 P 0
L 0.9917323 3.1174213 0.9917323 3.1424213 0 P 0
L 1.0292323 3.0799213 1.0542323 3.0799213 0 P 0
L 1.0292323 3.1299213 1.0542323 3.1299213 0 P 0
L 1.0417323 3.0674213 1.0417323 3.0924213 0 P 0
L 1.0417323 3.1174213 1.0417323 3.1424213 0 P 0
L 1.059898 0.3149606 1.079583 0.3149606 0 P 0
L 1.0625984 0.0590552 1.1027558 0.0590552 0 P 0
L 1.0697405 0.3051181 1.0697405 0.3248031 0 P 0
L 1.0792323 3.0799213 1.1042323 3.0799213 0 P 0
L 1.0792323 3.1299213 1.1042323 3.1299213 0 P 0
L 1.0826771 0.0389765 1.0826771 0.0791339 0 P 0
L 1.0917323 3.0674213 1.0917323 3.0924213 0 P 0
L 1.0917323 3.1174213 1.0917323 3.1424213 0 P 0
L 1.1122047 0.5511811 1.1318897 0.5511811 0 P 0
L 1.1220472 0.5413386 1.1220472 0.5610236 0 P 0
L 1.1292323 3.0799213 1.1542323 3.0799213 0 P 0
L 1.1292323 3.1299213 1.1542323 3.1299213 0 P 0
L 1.1417323 3.0674213 1.1417323 3.0924213 0 P 0
L 1.1417323 3.1174213 1.1417323 3.1424213 0 P 0
L 1.1515747 2.0866142 1.1712597 2.0866142 0 P 0
L 1.1528244 2.2059741 1.1725094 2.2059741 0 P 0
L 1.1614172 2.0767717 1.1614172 2.0964567 0 P 0
L 1.1626669 2.1961316 1.1626669 2.2158166 0 P 0
L 1.1792323 3.0799213 1.2042323 3.0799213 0 P 0
L 1.1792323 3.1299213 1.2042323 3.1299213 0 P 0
L 1.1917323 3.0674213 1.1917323 3.0924213 0 P 0
L 1.1917323 3.1174213 1.1917323 3.1424213 0 P 0
L 1.2106299 0.6102362 1.2303149 0.6102362 0 P 0
L 1.2106299 0.7086614 1.2303149 0.7086614 0 P 0
L 1.2106299 0.8070866 1.2303149 0.8070866 0 P 0
L 1.2106299 1.2992126 1.2303149 1.2992126 0 P 0
L 1.2106299 1.4960632 1.2303149 1.4960632 0 P 0
L 1.2106299 1.8503938 1.2303149 1.8503938 0 P 0
L 1.2204724 0.6003937 1.2204724 0.6200787 0 P 0
L 1.2204724 0.6988189 1.2204724 0.7185039 0 P 0
L 1.2204724 0.7972441 1.2204724 0.8169291 0 P 0
L 1.2204724 1.2893701 1.2204724 1.3090551 0 P 0
L 1.2204724 1.4862207 1.2204724 1.5059057 0 P 0
L 1.2204724 1.8405513 1.2204724 1.8602363 0 P 0
L 1.2292323 3.0799213 1.2542323 3.0799213 0 P 0
L 1.2292323 3.1299213 1.2542323 3.1299213 0 P 0
L 1.230315 1.023622 1.25 1.023622 0 P 0
L 1.2350394 0.0590552 1.2751968 0.0590552 0 P 0
L 1.2401575 1.0137795 1.2401575 1.0334645 0 P 0
L 1.2417323 3.0674213 1.2417323 3.0924213 0 P 0
L 1.2417323 3.1174213 1.2417323 3.1424213 0 P 0
L 1.2551181 0.0389765 1.2551181 0.0791339 0 P 0
L 1.2696851 1.7125987 1.2893701 1.7125987 0 P 0
L 1.2792323 3.0799213 1.3042323 3.0799213 0 P 0
L 1.2792323 3.1299213 1.3042323 3.1299213 0 P 0
L 1.2795276 1.7027562 1.2795276 1.7224412 0 P 0
L 1.2917323 3.0674213 1.2917323 3.0924213 0 P 0
L 1.2917323 3.1174213 1.2917323 3.1424213 0 P 0
L 1.3287401 1.968504 1.3484251 1.968504 0 P 0
L 1.3292323 3.0799213 1.3542323 3.0799213 0 P 0
L 1.3292323 3.1299213 1.3542323 3.1299213 0 P 0
L 1.3350394 0.0590552 1.3751968 0.0590552 0 P 0
L 1.3385826 1.9586615 1.3385826 1.9783465 0 P 0
L 1.3417323 3.0674213 1.3417323 3.0924213 0 P 0
L 1.3417323 3.1174213 1.3417323 3.1424213 0 P 0
L 1.3484252 2.5787402 1.3681102 2.5787402 0 P 0
L 1.3484252 2.7165354 1.3681102 2.7165354 0 P 0
L 1.3484252 2.8937008 1.3681102 2.8937008 0 P 0
L 1.3551181 0.0389765 1.3551181 0.0791339 0 P 0
L 1.3582677 2.5688977 1.3582677 2.5885827 0 P 0
L 1.3582677 2.7066929 1.3582677 2.7263779 0 P 0
L 1.3582677 2.8838583 1.3582677 2.9035433 0 P 0
L 1.3972441 0.5889764 1.4374015 0.5889764 0 P 0
L 1.3972441 0.6889764 1.4374015 0.6889764 0 P 0
L 1.4173228 0.5688977 1.4173228 0.6090551 0 P 0
L 1.4173228 0.6688977 1.4173228 0.7090551 0 P 0
L 1.4350394 0.0590552 1.4751968 0.0590552 0 P 0
L 1.4551181 0.0389765 1.4551181 0.0791339 0 P 0
L 1.4804134 2.7559055 1.5054134 2.7559055 0 P 0
L 1.4804134 2.8059055 1.5054134 2.8059055 0 P 0
L 1.4929134 2.7434055 1.4929134 2.7684055 0 P 0
L 1.4929134 2.7934055 1.4929134 2.8184055 0 P 0
L 1.5255905 1.9291339 1.5452755 1.9291339 0 P 0
L 1.5304134 2.7559055 1.5554134 2.7559055 0 P 0
L 1.5304134 2.8059055 1.5554134 2.8059055 0 P 0
L 1.5350394 0.0590552 1.5751968 0.0590552 0 P 0
L 1.535433 1.9192914 1.535433 1.9389764 0 P 0
L 1.5425197 0.2224409 1.5858267 0.2224409 0 P 0
L 1.5425197 0.3224409 1.5858267 0.3224409 0 P 0
L 1.5425197 0.4224409 1.5858267 0.4224409 0 P 0
L 1.5425197 0.5224409 1.5858267 0.5224409 0 P 0
L 1.5425197 0.6224409 1.5858267 0.6224409 0 P 0
L 1.5425197 0.7224409 1.5858267 0.7224409 0 P 0
L 1.5425197 1.1279528 1.5858267 1.1279528 0 P 0
L 1.5425197 1.2279528 1.5858267 1.2279528 0 P 0
L 1.5425197 1.3279528 1.5858267 1.3279528 0 P 0
L 1.5425197 1.4279528 1.5858267 1.4279528 0 P 0
L 1.5425197 1.5279528 1.5858267 1.5279528 0 P 0
L 1.5425197 1.6279528 1.5858267 1.6279528 0 P 0
L 1.5425197 2.0334646 1.5858267 2.0334646 0 P 0
L 1.5425197 2.1334646 1.5858267 2.1334646 0 P 0
L 1.5425197 2.2334646 1.5858267 2.2334646 0 P 0
L 1.5425197 2.3334646 1.5858267 2.3334646 0 P 0
L 1.5425197 2.4334646 1.5858267 2.4334646 0 P 0
L 1.5425197 2.5334646 1.5858267 2.5334646 0 P 0
L 1.5429134 2.7434055 1.5429134 2.7684055 0 P 0
L 1.5429134 2.7934055 1.5429134 2.8184055 0 P 0
L 1.5551181 0.0389765 1.5551181 0.0791339 0 P 0
L 1.5641732 0.2007874 1.5641732 0.2440944 0 P 0
L 1.5641732 0.3007874 1.5641732 0.3440944 0 P 0
L 1.5641732 0.4007874 1.5641732 0.4440944 0 P 0
L 1.5641732 0.5007874 1.5641732 0.5440944 0 P 0
L 1.5641732 0.6007874 1.5641732 0.6440944 0 P 0
L 1.5641732 0.7007874 1.5641732 0.7440944 0 P 0
L 1.5641732 1.1062993 1.5641732 1.1496063 0 P 0
L 1.5641732 1.2062993 1.5641732 1.2496063 0 P 0
L 1.5641732 1.3062993 1.5641732 1.3496063 0 P 0
L 1.5641732 1.4062993 1.5641732 1.4496063 0 P 0
L 1.5641732 1.5062993 1.5641732 1.5496063 0 P 0
L 1.5641732 1.6062993 1.5641732 1.6496063 0 P 0
L 1.5641732 2.0118111 1.5641732 2.0551181 0 P 0
L 1.5641732 2.1118111 1.5641732 2.1551181 0 P 0
L 1.5641732 2.2118111 1.5641732 2.2551181 0 P 0
L 1.5641732 2.3118111 1.5641732 2.3551181 0 P 0
L 1.5641732 2.4118111 1.5641732 2.4551181 0 P 0
L 1.5641732 2.5118111 1.5641732 2.5551181 0 P 0
L 1.5804134 2.7559055 1.6054134 2.7559055 0 P 0
L 1.5804134 2.8059055 1.6054134 2.8059055 0 P 0
L 1.5929134 2.7434055 1.5929134 2.7684055 0 P 0
L 1.5929134 2.7934055 1.5929134 2.8184055 0 P 0
L 1.6304134 2.7559055 1.6554134 2.7559055 0 P 0
L 1.6304134 2.8059055 1.6554134 2.8059055 0 P 0
L 1.6350394 0.0590552 1.6751968 0.0590552 0 P 0
L 1.6425197 0.2224409 1.6858267 0.2224409 0 P 0
L 1.6425197 0.3224409 1.6858267 0.3224409 0 P 0
L 1.6425197 0.4224409 1.6858267 0.4224409 0 P 0
L 1.6425197 0.5224409 1.6858267 0.5224409 0 P 0
L 1.6425197 0.6224409 1.6858267 0.6224409 0 P 0
L 1.6425197 0.7224409 1.6858267 0.7224409 0 P 0
L 1.6425197 1.1279528 1.6858267 1.1279528 0 P 0
L 1.6425197 1.2279528 1.6858267 1.2279528 0 P 0
L 1.6425197 1.3279528 1.6858267 1.3279528 0 P 0
L 1.6425197 1.4279528 1.6858267 1.4279528 0 P 0
L 1.6425197 1.5279528 1.6858267 1.5279528 0 P 0
L 1.6425197 1.6279528 1.6858267 1.6279528 0 P 0
L 1.6425197 2.0334646 1.6858267 2.0334646 0 P 0
L 1.6425197 2.1334646 1.6858267 2.1334646 0 P 0
L 1.6425197 2.2334646 1.6858267 2.2334646 0 P 0
L 1.6425197 2.3334646 1.6858267 2.3334646 0 P 0
L 1.6425197 2.4334646 1.6858267 2.4334646 0 P 0
L 1.6425197 2.5334646 1.6858267 2.5334646 0 P 0
L 1.6429134 2.7434055 1.6429134 2.7684055 0 P 0
L 1.6429134 2.7934055 1.6429134 2.8184055 0 P 0
L 1.6551181 0.0389765 1.6551181 0.0791339 0 P 0
L 1.6641732 0.2007874 1.6641732 0.2440944 0 P 0
L 1.6641732 0.3007874 1.6641732 0.3440944 0 P 0
L 1.6641732 0.4007874 1.6641732 0.4440944 0 P 0
L 1.6641732 0.5007874 1.6641732 0.5440944 0 P 0
L 1.6641732 0.6007874 1.6641732 0.6440944 0 P 0
L 1.6641732 0.7007874 1.6641732 0.7440944 0 P 0
L 1.6641732 1.1062993 1.6641732 1.1496063 0 P 0
L 1.6641732 1.2062993 1.6641732 1.2496063 0 P 0
L 1.6641732 1.3062993 1.6641732 1.3496063 0 P 0
L 1.6641732 1.4062993 1.6641732 1.4496063 0 P 0
L 1.6641732 1.5062993 1.6641732 1.5496063 0 P 0
L 1.6641732 1.6062993 1.6641732 1.6496063 0 P 0
L 1.6641732 2.0118111 1.6641732 2.0551181 0 P 0
L 1.6641732 2.1118111 1.6641732 2.1551181 0 P 0
L 1.6641732 2.2118111 1.6641732 2.2551181 0 P 0
L 1.6641732 2.3118111 1.6641732 2.3551181 0 P 0
L 1.6641732 2.4118111 1.6641732 2.4551181 0 P 0
L 1.6641732 2.5118111 1.6641732 2.5551181 0 P 0
L 1.6804134 2.7559055 1.7054134 2.7559055 0 P 0
L 1.6804134 2.8059055 1.7054134 2.8059055 0 P 0
L 1.6929134 2.7434055 1.6929134 2.7684055 0 P 0
L 1.6929134 2.7934055 1.6929134 2.8184055 0 P 0
L 1.7304134 2.7559055 1.7554134 2.7559055 0 P 0
L 1.7304134 2.8059055 1.7554134 2.8059055 0 P 0
L 1.7322835 0.9251969 1.8503937 0.9251969 0 P 0
L 1.7322835 1.8307087 1.8503937 1.8307087 0 P 0
L 1.7350394 0.0590552 1.7751968 0.0590552 0 P 0
L 1.7429134 2.7434055 1.7429134 2.7684055 0 P 0
L 1.7429134 2.7934055 1.7429134 2.8184055 0 P 0
L 1.7551181 0.0389765 1.7551181 0.0791339 0 P 0
L 1.7804134 2.7559055 1.8054134 2.7559055 0 P 0
L 1.7804134 2.8059055 1.8054134 2.8059055 0 P 0
L 1.7913386 0.8661418 1.7913386 0.984252 0 P 0
L 1.7913386 1.7716536 1.7913386 1.8897638 0 P 0
L 1.7929134 2.7434055 1.7929134 2.7684055 0 P 0
L 1.7929134 2.7934055 1.7929134 2.8184055 0 P 0
L 1.8304134 2.7559055 1.8554134 2.7559055 0 P 0
L 1.8304134 2.8059055 1.8554134 2.8059055 0 P 0
L 1.8429134 2.7434055 1.8429134 2.7684055 0 P 0
L 1.8429134 2.7934055 1.8429134 2.8184055 0 P 0
L 1.8804134 2.7559055 1.9054134 2.7559055 0 P 0
L 1.8804134 2.8059055 1.9054134 2.8059055 0 P 0
L 1.8929134 2.7434055 1.8929134 2.7684055 0 P 0
L 1.8929134 2.7934055 1.8929134 2.8184055 0 P 0
L 1.9304134 2.7559055 1.9554134 2.7559055 0 P 0
L 1.9304134 2.8059055 1.9554134 2.8059055 0 P 0
L 1.9429134 2.7434055 1.9429134 2.7684055 0 P 0
L 1.9429134 2.7934055 1.9429134 2.8184055 0 P 0
