#Layer_Color=32768
#
#Feature symbol names
#
$0 r7.874
$1 r1.9685
$2 r3.937

#
#Feature attribute names
#

#
#Layer features
#
L 0.0105879 1.7281077 0.0105879 1.8939397 0 P 0
L 0.0105879 1.7281077 0.1075223 1.7281077 0 P 0
L 0.0105879 1.8939397 0.1075223 1.8939397 0 P 0
L 0.0240158 2.0700788 0.0240158 2.1818898 0 P 0
L 0.0240158 2.0700788 0.2515748 2.0700788 0 P 0
L 0.0240158 2.1818898 0.2515748 2.1818898 0 P 0
L 0.0275591 2.8129921 0.0275591 3.230315 1 P 0
L 0.0275591 2.8129921 0.6220473 2.8129921 1 P 0
L 0.0275591 3.230315 0.6220473 3.230315 1 P 0
L 0.0736585 2.5893281 0.0736585 2.6862625 0 P 0
L 0.0736585 2.5893281 0.2394905 2.5893281 0 P 0
L 0.0736585 2.6862625 0.2394905 2.6862625 0 P 0
L 0.0745643 2.7074383 0.0745643 2.8043727 0 P 0
L 0.0745643 2.7074383 0.2403963 2.7074383 0 P 0
L 0.0745643 2.8043727 0.2403963 2.8043727 0 P 0
L 0.0883871 2.4988541 0.0883871 2.5798863 0 P 0
L 0.0883871 2.4988541 0.2402855 2.4988541 0 P 0
L 0.0883871 2.5798863 0.2402855 2.5798863 0 P 0
L 0.0885825 2.1968505 0.0885825 2.4881891 1 P 0
L 0.0885825 2.1968505 0.4232282 2.1968505 1 P 0
L 0.0885825 2.4881891 0.4232282 2.4881891 1 P 0
L 0.1075223 1.7281077 0.1075223 1.8939397 0 P 0
L 0.1169642 1.7350745 0.1169642 1.8869729 0 P 0
L 0.1169642 1.7350745 0.1979964 1.7350745 0 P 0
L 0.1169642 1.8869729 0.1979964 1.8869729 0 P 0
L 0.1533044 1.526336 0.1533044 1.6232704 0 P 0
L 0.1533044 1.526336 0.3191364 1.526336 0 P 0
L 0.1533044 1.6232704 0.3191364 1.6232704 0 P 0
L 0.1533044 1.6247612 0.1533044 1.7216956 0 P 0
L 0.1533044 1.6247612 0.3191364 1.6247612 0 P 0
L 0.1533044 1.7216956 0.3191364 1.7216956 0 P 0
L 0.1680682 1.1769266 0.1680682 1.3427586 0 P 0
L 0.1680682 1.1769266 0.2650026 1.1769266 0 P 0
L 0.1680682 1.3427586 0.2650026 1.3427586 0 P 0
L 0.1760193 1.3610587 0.1760193 1.5129571 0 P 0
L 0.1760193 1.3610587 0.2570515 1.3610587 0 P 0
L 0.1760193 1.5129571 0.2570515 1.5129571 0 P 0
L 0.1979964 1.7350745 0.1979964 1.8869729 0 P 0
L 0.2153894 1.7350745 0.2153894 1.8869729 0 P 0
L 0.2153894 1.7350745 0.2964216 1.7350745 0 P 0
L 0.2153894 1.8869729 0.2964216 1.8869729 0 P 0
L 0.2362203 2.3425198 0.2755904 2.3425198 2 P 0
L 0.2394905 2.5893281 0.2394905 2.6862625 0 P 0
L 0.2402855 2.4988541 0.2402855 2.5798863 0 P 0
L 0.2403963 2.7074383 0.2403963 2.8043727 0 P 0
L 0.2449704 2.6602713 0.2449704 2.7727997 0 P 0
L 0.2449704 2.6602713 0.459861 2.6602713 0 P 0
L 0.2449704 2.7727997 0.459861 2.7727997 0 P 0
L 0.2515748 2.0700788 0.2515748 2.1818898 0 P 0
L 0.2519684 2.507874 0.2519684 2.6496063 1 P 0
L 0.2519684 2.507874 0.4173228 2.507874 1 P 0
L 0.2519684 2.6496063 0.4173228 2.6496063 1 P 0
L 0.2559054 2.3228348 0.2559054 2.3622049 2 P 0
L 0.2570515 1.3610587 0.2570515 1.5129571 0 P 0
L 0.2650026 1.1769266 0.2650026 1.3427586 0 P 0
L 0.2861785 1.1769266 0.2861785 1.3427586 0 P 0
L 0.2861785 1.1769266 0.3831129 1.1769266 0 P 0
L 0.2861785 1.3427586 0.3831129 1.3427586 0 P 0
L 0.2861785 1.3540919 0.2861785 1.5199239 0 P 0
L 0.2861785 1.3540919 0.3831129 1.3540919 0 P 0
L 0.2861785 1.5199239 0.3831129 1.5199239 0 P 0
L 0.2964216 1.7350745 0.2964216 1.8869729 0 P 0
L 0.3058635 1.7281077 0.3058635 1.8939397 0 P 0
L 0.3058635 1.7281077 0.4027979 1.7281077 0 P 0
L 0.3058635 1.8939397 0.4027979 1.8939397 0 P 0
L 0.3149606 2.5787402 0.3543306 2.5787402 2 P 0
L 0.3191364 1.526336 0.3191364 1.6232704 0 P 0
L 0.3191364 1.6247612 0.3191364 1.7216956 0 P 0
L 0.3346456 2.5590551 0.3346456 2.5984252 2 P 0
L 0.3661417 1.5826773 0.3661417 1.6850395 1 P 0
L 0.3661417 1.5826773 0.4606298 1.5826773 1 P 0
L 0.3661417 1.6850395 0.4606298 1.6850395 1 P 0
L 0.3831129 1.1769266 0.3831129 1.3427586 0 P 0
L 0.3831129 1.3540919 0.3831129 1.5199239 0 P 0
L 0.3937007 1.6338584 0.4330708 1.6338584 2 P 0
L 0.4027979 1.7281077 0.4027979 1.8939397 0 P 0
L 0.4133858 1.6141733 0.4133858 1.6535434 2 P 0
L 0.4173228 2.507874 0.4173228 2.6496063 1 P 0
L 0.4232282 2.1968505 0.4232282 2.4881891 1 P 0
L 0.4239738 1.7281077 0.4239738 1.8939397 0 P 0
L 0.4239738 1.7281077 0.5209082 1.7281077 0 P 0
L 0.4239738 1.8939397 0.5209082 1.8939397 0 P 0
L 0.4436588 1.1769266 0.4436588 1.3427586 0 P 0
L 0.4436588 1.1769266 0.5405932 1.1769266 0 P 0
L 0.4436588 1.3427586 0.5405932 1.3427586 0 P 0
L 0.4436588 1.3540919 0.4436588 1.5199239 0 P 0
L 0.4436588 1.3540919 0.5405932 1.3540919 0 P 0
L 0.4436588 1.5199239 0.5405932 1.5199239 0 P 0
L 0.459861 2.6602713 0.459861 2.7727997 0 P 0
L 0.4606298 1.5826773 0.4606298 1.6850395 1 P 0
L 0.467126 2.5675197 0.467126 2.7474409 1 P 0
L 0.467126 2.5675197 0.556496 2.5675197 1 P 0
L 0.467126 2.7474409 0.556496 2.7474409 1 P 0
L 0.5076352 1.5263361 0.5076352 1.6232705 0 P 0
L 0.5076352 1.5263361 0.6734672 1.5263361 0 P 0
L 0.5076352 1.6232705 0.6734672 1.6232705 0 P 0
L 0.5076352 1.6247613 0.5076352 1.7216957 0 P 0
L 0.5076352 1.6247613 0.6734672 1.6247613 0 P 0
L 0.5076352 1.7216957 0.6734672 1.7216957 0 P 0
L 0.5209082 1.7281077 0.5209082 1.8939397 0 P 0
L 0.5303501 1.7350745 0.5303501 1.8869729 0 P 0
L 0.5303501 1.7350745 0.6113823 1.7350745 0 P 0
L 0.5303501 1.8869729 0.6113823 1.8869729 0 P 0
L 0.5405932 1.1769266 0.5405932 1.3427586 0 P 0
L 0.5405932 1.3540919 0.5405932 1.5199239 0 P 0
L 0.5500351 1.3610587 0.5500351 1.5129571 0 P 0
L 0.5500351 1.3610587 0.6310673 1.3610587 0 P 0
L 0.5500351 1.5129571 0.6310673 1.5129571 0 P 0
L 0.556496 2.5675197 0.556496 2.7474409 1 P 0
L 0.561769 1.1769266 0.561769 1.3427586 0 P 0
L 0.561769 1.1769266 0.6587034 1.1769266 0 P 0
L 0.561769 1.3427586 0.6587034 1.3427586 0 P 0
L 0.5655512 2.5675197 0.5655512 2.7474409 1 P 0
L 0.5655512 2.5675197 0.6549212 2.5675197 1 P 0
L 0.5655512 2.7474409 0.6549212 2.7474409 1 P 0
L 0.5676746 2.7468084 0.5676746 2.8437428 0 P 0
L 0.5676746 2.7468084 0.7335066 2.7468084 0 P 0
L 0.5676746 2.8437428 0.7335066 2.8437428 0 P 0
L 0.6113823 1.7350745 0.6113823 1.8869729 0 P 0
L 0.6193265 2.1248381 0.6193265 2.2058703 0 P 0
L 0.6193265 2.1248381 0.7712249 2.1248381 0 P 0
L 0.6193265 2.2058703 0.7712249 2.2058703 0 P 0
L 0.6193265 2.2232633 0.6193265 2.3042955 0 P 0
L 0.6193265 2.2232633 0.7712249 2.2232633 0 P 0
L 0.6193265 2.3042955 0.7712249 2.3042955 0 P 0
L 0.6208242 1.7281077 0.6208242 1.8939397 0 P 0
L 0.6208242 1.7281077 0.7177586 1.7281077 0 P 0
L 0.6208242 1.8939397 0.7177586 1.8939397 0 P 0
L 0.6220473 2.8129921 0.6220473 3.230315 1 P 0
L 0.6310673 1.3610587 0.6310673 1.5129571 0 P 0
L 0.6330709 2.3165355 0.6330709 2.5440945 0 P 0
L 0.6330709 2.3165355 0.7448819 2.3165355 0 P 0
L 0.6330709 2.5440945 0.7448819 2.5440945 0 P 0
L 0.6362205 2.0570865 0.6362205 2.1161416 1 P 0
L 0.6362205 2.0570865 0.7543308 2.0570865 1 P 0
L 0.6362205 2.1161416 0.7543308 2.1161416 1 P 0
L 0.6549212 2.5675197 0.6549212 2.7474409 1 P 0
L 0.6587034 1.1769266 0.6587034 1.3427586 0 P 0
L 0.6594488 2.8720473 0.6594488 2.9153543 0 P 0
L 0.6594488 2.8720473 0.757874 2.8720473 0 P 0
L 0.6594488 2.9153543 0.757874 2.9153543 0 P 0
L 0.6734672 1.5263361 0.6734672 1.6232705 0 P 0
L 0.6734672 1.6247613 0.6734672 1.7216957 0 P 0
L 0.676378 2.0866141 0.7141733 2.0866141 2 P 0
L 0.6952757 2.0677164 0.6952757 2.1055117 2 P 0
L 0.7177586 1.7281077 0.7177586 1.8939397 0 P 0
L 0.7272004 1.7350745 0.7272004 1.8869729 0 P 0
L 0.7272004 1.7350745 0.8082326 1.7350745 0 P 0
L 0.7272004 1.8869729 0.8082326 1.8869729 0 P 0
L 0.7311373 0.7468855 0.7311373 0.8279177 0 P 0
L 0.7311373 0.7468855 0.8830357 0.7468855 0 P 0
L 0.7311373 0.8279177 0.8830357 0.8279177 0 P 0
L 0.7311376 0.2350745 0.7311376 0.3161067 0 P 0
L 0.7311376 0.2350745 0.883036 0.2350745 0 P 0
L 0.7311376 0.3161067 0.883036 0.3161067 0 P 0
L 0.7314961 1.196063 0.7314961 1.423622 0 P 0
L 0.7314961 1.196063 0.8433071 1.196063 0 P 0
L 0.7314961 1.423622 0.8433071 1.423622 0 P 0
L 0.7335066 2.7468084 0.7335066 2.8437428 0 P 0
L 0.7341299 0.8464568 0.7341299 1.0826772 0 P 0
L 0.7341299 0.8464568 1.0768937 0.8464568 0 P 0
L 0.7341299 1.0826772 1.0768937 1.0826772 0 P 0
L 0.7341302 0.3346458 0.7341302 0.5708662 0 P 0
L 0.7341302 0.3346458 1.076894 0.3346458 0 P 0
L 0.7341302 0.5708662 1.076894 0.5708662 0 P 0
L 0.7448819 2.3165355 0.7448819 2.5440945 0 P 0
L 0.7543308 2.0570865 0.7543308 2.1161416 1 P 0
L 0.757874 2.8720473 0.757874 2.9153543 0 P 0
L 0.7712249 2.1248381 0.7712249 2.2058703 0 P 0
L 0.7712249 2.2232633 0.7712249 2.3042955 0 P 0
L 0.7942914 2.9824804 0.7942914 3.2273622 1 P 0
L 0.7942914 2.9824804 1.4391732 2.9824804 1 P 0
L 0.7942914 3.2273622 1.4391732 3.2273622 1 P 0
L 0.8082326 1.7350745 0.8082326 1.8869729 0 P 0
L 0.8176745 1.7300764 0.8176745 1.8959084 0 P 0
L 0.8176745 1.7300764 0.9146089 1.7300764 0 P 0
L 0.8176745 1.8959084 0.9146089 1.8959084 0 P 0
L 0.8433071 1.196063 0.8433071 1.423622 0 P 0
L 0.8816509 2.4909029 0.8816509 2.5878373 0 P 0
L 0.8816509 2.4909029 1.0474829 2.4909029 0 P 0
L 0.8816509 2.5878373 1.0474829 2.5878373 0 P 0
L 0.8816509 2.6483832 0.8816509 2.7453176 0 P 0
L 0.8816509 2.6483832 1.0474829 2.6483832 0 P 0
L 0.8816509 2.7453176 1.0474829 2.7453176 0 P 0
L 0.8816509 2.8058635 0.8816509 2.9027979 0 P 0
L 0.8816509 2.8058635 1.0474829 2.8058635 0 P 0
L 0.8816509 2.9027979 1.0474829 2.9027979 0 P 0
L 0.8830357 0.7468855 0.8830357 0.8279177 0 P 0
L 0.883036 0.2350745 0.883036 0.3161067 0 P 0
L 0.9146089 1.7300764 0.9146089 1.8959084 0 P 0
L 0.9240508 1.7370432 0.9240508 1.8889416 0 P 0
L 0.9240508 1.7370432 1.005083 1.7370432 0 P 0
L 0.9240508 1.8889416 1.005083 1.8889416 0 P 0
L 0.940706 1.5263359 0.940706 1.6232703 0 P 0
L 0.940706 1.5263359 1.106538 1.5263359 0 P 0
L 0.940706 1.6232703 1.106538 1.6232703 0 P 0
L 0.940706 1.6247611 0.940706 1.7216955 0 P 0
L 0.940706 1.6247611 1.106538 1.6247611 0 P 0
L 0.940706 1.7216955 1.106538 1.7216955 0 P 0
L 0.9437359 2.1691296 0.9437359 2.321028 0 P 0
L 0.9437359 2.1691296 1.0247681 2.1691296 0 P 0
L 0.9437359 2.321028 1.0247681 2.321028 0 P 0
L 0.9751547 1.1769267 0.9751547 1.3427587 0 P 0
L 0.9751547 1.1769267 1.0720891 1.1769267 0 P 0
L 0.9751547 1.3427587 1.0720891 1.3427587 0 P 0
L 0.9831058 1.3610589 0.9831058 1.5129573 0 P 0
L 0.9831058 1.3610589 1.064138 1.3610589 0 P 0
L 0.9831058 1.5129573 1.064138 1.5129573 0 P 0
L 1.005083 1.7370432 1.005083 1.8889416 0 P 0
L 1.022476 1.7370432 1.022476 1.8889416 0 P 0
L 1.022476 1.7370432 1.1035082 1.7370432 0 P 0
L 1.022476 1.8889416 1.1035082 1.8889416 0 P 0
L 1.0247681 2.1691296 1.0247681 2.321028 0 P 0
L 1.0342099 2.0440526 1.0342099 2.2098846 0 P 0
L 1.0342099 2.0440526 1.1311443 2.0440526 0 P 0
L 1.0342099 2.2098846 1.1311443 2.2098846 0 P 0
L 1.0391312 0.561769 1.0391312 0.6587034 0 P 0
L 1.0391312 0.561769 1.2049632 0.561769 0 P 0
L 1.0391312 0.6587034 1.2049632 0.6587034 0 P 0
L 1.0391312 0.6601942 1.0391312 0.7571286 0 P 0
L 1.0391312 0.6601942 1.2049632 0.6601942 0 P 0
L 1.0391312 0.7571286 1.2049632 0.7571286 0 P 0
L 1.0391312 0.7586194 1.0391312 0.8555538 0 P 0
L 1.0391312 0.7586194 1.2049632 0.7586194 0 P 0
L 1.0391312 0.8555538 1.2049632 0.8555538 0 P 0
L 1.042161 2.2281848 1.042161 2.3800832 0 P 0
L 1.042161 2.2281848 1.1231932 2.2281848 0 P 0
L 1.042161 2.3800832 1.1231932 2.3800832 0 P 0
L 1.0474829 2.4909029 1.0474829 2.5878373 0 P 0
L 1.0474829 2.6483832 1.0474829 2.7453176 0 P 0
L 1.0474829 2.8058635 1.0474829 2.9027979 0 P 0
L 1.0531496 2.5177166 1.0531496 2.5610236 0 P 0
L 1.0531496 2.5177166 1.1515748 2.5177166 0 P 0
L 1.0531496 2.5610236 1.1515748 2.5610236 0 P 0
L 1.0531496 2.6751969 1.0531496 2.7185039 0 P 0
L 1.0531496 2.6751969 1.1515748 2.6751969 0 P 0
L 1.0531496 2.7185039 1.1515748 2.7185039 0 P 0
L 1.0531496 2.8326772 1.0531496 2.8759842 0 P 0
L 1.0531496 2.8326772 1.1515748 2.8326772 0 P 0
L 1.0531496 2.8759842 1.1515748 2.8759842 0 P 0
L 1.064138 1.3610589 1.064138 1.5129573 0 P 0
L 1.0720891 1.1769267 1.0720891 1.3427587 0 P 0
L 1.0768937 0.8464568 1.0768937 1.0826772 0 P 0
L 1.076894 0.3346458 1.076894 0.5708662 0 P 0
L 1.093265 1.1769267 1.093265 1.3427587 0 P 0
L 1.093265 1.1769267 1.1901994 1.1769267 0 P 0
L 1.093265 1.3427587 1.1901994 1.3427587 0 P 0
L 1.093265 1.3540921 1.093265 1.5199241 0 P 0
L 1.093265 1.3540921 1.1901994 1.3540921 0 P 0
L 1.093265 1.5199241 1.1901994 1.5199241 0 P 0
L 1.1002717 0.8484253 1.1002717 1.0019687 0 P 0
L 1.1002717 0.8484253 1.3013032 0.8484253 0 P 0
L 1.1002717 1.0019687 1.3013032 1.0019687 0 P 0
L 1.1035082 1.7370432 1.1035082 1.8889416 0 P 0
L 1.106538 1.5263359 1.106538 1.6232703 0 P 0
L 1.106538 1.6247611 1.106538 1.7216955 0 P 0
L 1.1120091 1.0618461 1.1120091 1.1428783 0 P 0
L 1.1120091 1.0618461 1.2639075 1.0618461 0 P 0
L 1.1120091 1.1428783 1.2639075 1.1428783 0 P 0
L 1.1129501 1.7290922 1.1129501 1.8949242 0 P 0
L 1.1129501 1.7290922 1.2098845 1.7290922 0 P 0
L 1.1129501 1.8949242 1.2098845 1.8949242 0 P 0
L 1.1179822 0.2547595 1.1179822 0.3357917 0 P 0
L 1.1179822 0.2547595 1.2698806 0.2547595 0 P 0
L 1.1179822 0.3357917 1.2698806 0.3357917 0 P 0
L 1.1199566 0.3562992 1.1199566 0.5098426 0 P 0
L 1.1199566 0.3562992 1.3209881 0.3562992 0 P 0
L 1.1199566 0.5098426 1.3209881 0.5098426 0 P 0
L 1.1231932 2.2281848 1.1231932 2.3800832 0 P 0
L 1.1311443 2.0440526 1.1311443 2.2098846 0 P 0
L 1.1366507 2.3727926 1.1366507 2.469727 0 P 0
L 1.1366507 2.3727926 1.3024827 2.3727926 0 P 0
L 1.1366507 2.469727 1.3024827 2.469727 0 P 0
L 1.1405862 2.2281848 1.1405862 2.3800832 0 P 0
L 1.1405862 2.2281848 1.2216184 2.2281848 0 P 0
L 1.1405862 2.3800832 1.2216184 2.3800832 0 P 0
L 1.1515748 2.5177166 1.1515748 2.5610236 0 P 0
L 1.1515748 2.6751969 1.1515748 2.7185039 0 P 0
L 1.1515748 2.8326772 1.1515748 2.8759842 0 P 0
L 1.1732283 1.5826774 1.1732283 1.6850396 1 P 0
L 1.1732283 1.5826774 1.2677164 1.5826774 1 P 0
L 1.1732283 1.6850396 1.2677164 1.6850396 1 P 0
L 1.1858268 2.5179134 1.1858268 2.5608268 1 P 0
L 1.1858268 2.5179134 1.223622 2.5179134 1 P 0
L 1.1858268 2.5608268 1.223622 2.5608268 1 P 0
L 1.1858268 2.6753937 1.1858268 2.7183071 1 P 0
L 1.1858268 2.6753937 1.223622 2.6753937 1 P 0
L 1.1858268 2.7183071 1.223622 2.7183071 1 P 0
L 1.1874016 2.8309055 1.1874016 2.8738189 1 P 0
L 1.1874016 2.8309055 1.2251968 2.8309055 1 P 0
L 1.1874016 2.8738189 1.2251968 2.8738189 1 P 0
L 1.1901994 1.1769267 1.1901994 1.3427587 0 P 0
L 1.1901994 1.3540921 1.1901994 1.5199241 0 P 0
L 1.1916903 2.0430683 1.1916903 2.2089003 0 P 0
L 1.1916903 2.0430683 1.2886247 2.0430683 0 P 0
L 1.1916903 2.2089003 1.2886247 2.2089003 0 P 0
L 1.2007873 1.6338585 1.2401574 1.6338585 2 P 0
L 1.2049632 0.561769 1.2049632 0.6587034 0 P 0
L 1.2049632 0.6601942 1.2049632 0.7571286 0 P 0
L 1.2049632 0.7586194 1.2049632 0.8555538 0 P 0
L 1.2098845 1.7290922 1.2098845 1.8949242 0 P 0
L 1.2204724 1.6141734 1.2204724 1.6535435 2 P 0
L 1.2216184 2.2281848 1.2216184 2.3800832 0 P 0
L 1.223622 2.472441 1.223622 2.5179134 1 P 0
L 1.223622 2.472441 1.2944882 2.472441 1 P 0
L 1.223622 2.5608268 1.223622 2.6062992 1 P 0
L 1.223622 2.6062992 1.2944882 2.6062992 1 P 0
L 1.223622 2.6299213 1.223622 2.6753937 1 P 0
L 1.223622 2.6299213 1.2944882 2.6299213 1 P 0
L 1.223622 2.7183071 1.223622 2.7637795 1 P 0
L 1.223622 2.7637795 1.2944882 2.7637795 1 P 0
L 1.2251968 2.7854331 1.2251968 2.8309055 1 P 0
L 1.2251968 2.7854331 1.296063 2.7854331 1 P 0
L 1.2251968 2.8738189 1.2251968 2.9192913 1 P 0
L 1.2251968 2.9192913 1.296063 2.9192913 1 P 0
L 1.230315 2.2450788 1.230315 2.3631891 1 P 0
L 1.230315 2.2450788 1.2893701 2.2450788 1 P 0
L 1.230315 2.3631891 1.2893701 2.3631891 1 P 0
L 1.2310604 1.7281079 1.2310604 1.8939399 0 P 0
L 1.2310604 1.7281079 1.3279948 1.7281079 0 P 0
L 1.2310604 1.8939399 1.3279948 1.8939399 0 P 0
L 1.2409449 2.304134 1.2787402 2.304134 2 P 0
L 1.2507453 1.1779109 1.2507453 1.3437429 0 P 0
L 1.2507453 1.1779109 1.3476797 1.1779109 0 P 0
L 1.2507453 1.3437429 1.3476797 1.3437429 0 P 0
L 1.2507453 1.3540921 1.2507453 1.5199241 0 P 0
L 1.2507453 1.3540921 1.3476797 1.3540921 0 P 0
L 1.2507453 1.5199241 1.3476797 1.5199241 0 P 0
L 1.2507454 0.5470053 1.2507454 0.7128373 0 P 0
L 1.2507454 0.5470053 1.3476798 0.5470053 0 P 0
L 1.2507454 0.7128373 1.3476798 0.7128373 0 P 0
L 1.2598425 2.2852363 1.2598425 2.3230316 2 P 0
L 1.2639075 1.0618461 1.2639075 1.1428783 0 P 0
L 1.2677164 1.5826774 1.2677164 1.6850396 1 P 0
L 1.2698806 0.2547595 1.2698806 0.3357917 0 P 0
L 1.2886247 2.0430683 1.2886247 2.2089003 0 P 0
L 1.2893701 2.2450788 1.2893701 2.3631891 1 P 0
L 1.2944882 2.472441 1.2944882 2.4805118 1 P 0
L 1.2944882 2.4805118 1.3322834 2.4805118 1 P 0
L 1.2944882 2.5982284 1.2944882 2.6062992 1 P 0
L 1.2944882 2.5982284 1.3322834 2.5982284 1 P 0
L 1.2944882 2.6299213 1.2944882 2.6379921 1 P 0
L 1.2944882 2.6379921 1.3322834 2.6379921 1 P 0
L 1.2944882 2.7557087 1.2944882 2.7637795 1 P 0
L 1.2944882 2.7557087 1.3322834 2.7557087 1 P 0
L 1.296063 2.7854331 1.296063 2.7935039 1 P 0
L 1.296063 2.7935039 1.3338582 2.7935039 1 P 0
L 1.296063 2.9112205 1.296063 2.9192913 1 P 0
L 1.296063 2.9112205 1.3338582 2.9112205 1 P 0
L 1.2992125 2.1742127 1.2992125 2.315945 1 P 0
L 1.2992125 2.1742127 1.4566929 2.1742127 1 P 0
L 1.2992125 2.315945 1.4566929 2.315945 1 P 0
L 1.3013032 0.8484253 1.3013032 1.0019687 0 P 0
L 1.3024827 2.3727926 1.3024827 2.469727 0 P 0
L 1.3137374 1.6247613 1.3137374 1.7216957 0 P 0
L 1.3137374 1.6247613 1.4795694 1.6247613 0 P 0
L 1.3137374 1.7216957 1.4795694 1.7216957 0 P 0
L 1.3147218 1.5263361 1.3147218 1.6232705 0 P 0
L 1.3147218 1.5263361 1.4805538 1.5263361 0 P 0
L 1.3147218 1.6232705 1.4805538 1.6232705 0 P 0
L 1.3147218 2.3727926 1.3147218 2.469727 0 P 0
L 1.3147218 2.3727926 1.4805538 2.3727926 0 P 0
L 1.3147218 2.469727 1.4805538 2.469727 0 P 0
L 1.3209881 0.3562992 1.3209881 0.5098426 0 P 0
L 1.3279948 1.7281079 1.3279948 1.8939399 0 P 0
L 1.3294856 0.8806666 1.3294856 1.0464986 0 P 0
L 1.3294856 0.8806666 1.42642 0.8806666 0 P 0
L 1.3294856 1.0464986 1.42642 1.0464986 0 P 0
L 1.3322834 2.4805118 1.3322834 2.5982284 1 P 0
L 1.3322834 2.6379921 1.3322834 2.7557087 1 P 0
L 1.3338582 2.7935039 1.3338582 2.9112205 1 P 0
L 1.3374367 1.7350747 1.3374367 1.8869731 0 P 0
L 1.3374367 1.7350747 1.4184689 1.7350747 0 P 0
L 1.3374367 1.8869731 1.4184689 1.8869731 0 P 0
L 1.3476797 1.1779109 1.3476797 1.3437429 0 P 0
L 1.3476797 1.3540921 1.3476797 1.5199241 0 P 0
L 1.3476798 0.5470053 1.3476798 0.7128373 0 P 0
L 1.3582677 2.2450788 1.3976377 2.2450788 2 P 0
L 1.3614173 0.5251969 1.3614173 0.7527559 0 P 0
L 1.3614173 0.5251969 1.4732283 0.5251969 0 P 0
L 1.3614173 0.7527559 1.4732283 0.7527559 0 P 0
L 1.3688556 1.1769267 1.3688556 1.3427587 0 P 0
L 1.3688556 1.1769267 1.46579 1.1769267 0 P 0
L 1.3688556 1.3427587 1.46579 1.3427587 0 P 0
L 1.3768066 1.3610589 1.3768066 1.5129573 0 P 0
L 1.3768066 1.3610589 1.4578388 1.3610589 0 P 0
L 1.3768066 1.5129573 1.4578388 1.5129573 0 P 0
L 1.3779527 2.2253938 1.3779527 2.2647639 2 P 0
L 1.3954725 2.6584646 1.3954725 2.9033464 1 P 0
L 1.3954725 2.6584646 2.0403543 2.6584646 1 P 0
L 1.3954725 2.9033464 2.0403543 2.9033464 1 P 0
L 1.4184689 1.7350747 1.4184689 1.8869731 0 P 0
L 1.42642 0.8806666 1.42642 1.0464986 0 P 0
L 1.4279108 1.7281079 1.4279108 1.8939399 0 P 0
L 1.4279108 1.7281079 1.5248452 1.7281079 0 P 0
L 1.4279108 1.8939399 1.5248452 1.8939399 0 P 0
L 1.4391732 2.9824804 1.4391732 3.2273622 1 P 0
L 1.4566929 2.1742127 1.4566929 2.315945 1 P 0
L 1.4578388 1.3610589 1.4578388 1.5129573 0 P 0
L 1.46579 1.1769267 1.46579 1.3427587 0 P 0
L 1.4732283 0.5251969 1.4732283 0.7527559 0 P 0
L 1.4795694 1.6247613 1.4795694 1.7216957 0 P 0
L 1.4805538 1.5263361 1.4805538 1.6232705 0 P 0
L 1.4805538 2.3727926 1.4805538 2.469727 0 P 0
L 1.5238189 0.1586614 1.5238189 0.7862204 1 P 0
L 1.5238189 0.1586614 2.065748 0.1586614 1 P 0
L 1.5238189 0.7862204 2.065748 0.7862204 1 P 0
L 1.5238189 1.0641733 1.5238189 1.6917323 1 P 0
L 1.5238189 1.0641733 2.065748 1.0641733 1 P 0
L 1.5238189 1.6917323 2.065748 1.6917323 1 P 0
L 1.5238189 1.9696851 1.5238189 2.5972441 1 P 0
L 1.5238189 1.9696851 2.065748 1.9696851 1 P 0
L 1.5238189 2.5972441 2.065748 2.5972441 1 P 0
L 1.5248452 1.7281079 1.5248452 1.8939399 0 P 0
L 1.5342871 1.7350747 1.5342871 1.8869731 0 P 0
L 1.5342871 1.7350747 1.6153193 1.7350747 0 P 0
L 1.5342871 1.8869731 1.6153193 1.8869731 0 P 0
L 1.5509423 2.9042887 1.5509423 3.0012231 0 P 0
L 1.5509423 2.9042887 1.7167743 2.9042887 0 P 0
L 1.5509423 3.0012231 1.7167743 3.0012231 0 P 0
L 1.5509423 3.0027139 1.5509423 3.0996483 0 P 0
L 1.5509423 3.0027139 1.7167743 3.0027139 0 P 0
L 1.5509423 3.0996483 1.7167743 3.0996483 0 P 0
L 1.6153193 1.7350747 1.6153193 1.8869731 0 P 0
L 1.7167743 2.9042887 1.7167743 3.0012231 0 P 0
L 1.7167743 3.0027139 1.7167743 3.0996483 0 P 0
L 1.7519685 0.4724409 1.7913385 0.4724409 1 P 0
L 1.7519685 1.3779528 1.7913385 1.3779528 1 P 0
L 1.7519685 2.2834646 1.7913385 2.2834646 1 P 0
L 1.7716535 0.4527559 1.7716535 0.4921259 1 P 0
L 1.7716535 1.3582678 1.7716535 1.3976378 1 P 0
L 1.7716535 2.2637796 1.7716535 2.3031496 1 P 0
L 2.0403543 2.6584646 2.0403543 2.9033464 1 P 0
L 2.065748 0.1586614 2.065748 0.7862204 1 P 0
L 2.065748 1.0641733 2.065748 1.6917323 1 P 0
L 2.065748 1.9696851 2.065748 2.5972441 1 P 0
