#Layer_Color=16711935
#
#Feature symbol names
#
$0 r7.874
$1 r3.937
$2 r5

#
#Feature attribute names
#

#
#Layer features
#
A 0.6437008 3.0433071 0.6437008 3.0433071 0.6397638 3.0433071 0 P 0 N
A 1.3535433 2.5 1.3535433 2.5 1.3496063 2.5 0 P 0 N
A 1.3535433 2.6574803 1.3535433 2.6574803 1.3496063 2.6574803 0 P 0 N
A 1.3551181 2.8129921 1.3551181 2.8129921 1.3511811 2.8129921 0 P 0 N
A 1.3836614 2.7559055 1.3836614 2.7559055 1.3797244 2.7559055 0 P 0 N
A 1.4588583 3.1299213 1.4588583 3.1299213 1.4549213 3.1299213 0 P 0 N
L 0.0279528 2.0740158 0.0279528 2.1779528 0 P 0
L 0.0279528 2.0740158 0.2476378 2.0740158 0 P 0
L 0.0279528 2.1779528 0.2476378 2.1779528 0 P 0
L 0.0344488 1.7716536 0.0344488 1.8503938 0 P 0
L 0.0344488 1.7716536 0.0836614 1.7716536 0 P 0
L 0.0344488 1.8503938 0.0836614 1.8503938 0 P 0
L 0.0374016 2.8661417 0.0374016 3.2204725 2 P 0
L 0.0374016 2.8661417 0.5688977 2.8661417 2 P 0
L 0.0374016 3.2204725 0.5688977 3.2204725 2 P 0
L 0.0836614 1.7716536 0.0836614 1.8503938 0 P 0
L 0.1172044 2.613189 0.1172044 2.6624016 0 P 0
L 0.1172044 2.613189 0.1959446 2.613189 0 P 0
L 0.1172044 2.6624016 0.1959446 2.6624016 0 P 0
L 0.1181102 2.7312992 0.1181102 2.7805118 0 P 0
L 0.1181102 2.7312992 0.1968504 2.7312992 0 P 0
L 0.1181102 2.7805118 0.1968504 2.7805118 0 P 0
L 0.1328402 2.5236222 0.1328402 2.5551182 0 P 0
L 0.1328402 2.5236222 0.1958324 2.5236222 0 P 0
L 0.1328402 2.5551182 0.1958324 2.5551182 0 P 0
L 0.1417323 1.7795276 0.1417323 1.8425198 0 P 0
L 0.1417323 1.7795276 0.1732283 1.7795276 0 P 0
L 0.1417323 1.8425198 0.1732283 1.8425198 0 P 0
L 0.1732283 1.7795276 0.1732283 1.8425198 0 P 0
L 0.1919291 1.2204725 0.1919291 1.2992127 0 P 0
L 0.1919291 1.2204725 0.2411417 1.2204725 0 P 0
L 0.1919291 1.2992127 0.2411417 1.2992127 0 P 0
L 0.1958324 2.5236222 0.1958324 2.5551182 0 P 0
L 0.1959446 2.613189 0.1959446 2.6624016 0 P 0
L 0.1968503 1.5501969 0.1968503 1.5994095 0 P 0
L 0.1968503 1.5501969 0.2755905 1.5501969 0 P 0
L 0.1968503 1.5994095 0.2755905 1.5994095 0 P 0
L 0.1968503 1.6486221 0.1968503 1.6978347 0 P 0
L 0.1968503 1.6486221 0.2755905 1.6486221 0 P 0
L 0.1968503 1.6978347 0.2755905 1.6978347 0 P 0
L 0.1968504 2.7312992 0.1968504 2.7805118 0 P 0
L 0.2007874 1.4055118 0.2007874 1.468504 0 P 0
L 0.2007874 1.4055118 0.2322834 1.4055118 0 P 0
L 0.2007874 1.468504 0.2322834 1.468504 0 P 0
L 0.2322834 1.4055118 0.2322834 1.468504 0 P 0
L 0.2401575 1.7795276 0.2401575 1.8425198 0 P 0
L 0.2401575 1.7795276 0.2716535 1.7795276 0 P 0
L 0.2401575 1.8425198 0.2716535 1.8425198 0 P 0
L 0.2411417 1.2204725 0.2411417 1.2992127 0 P 0
L 0.2476378 2.0740158 0.2476378 2.1779528 0 P 0
L 0.2716535 1.7795276 0.2716535 1.8425198 0 P 0
L 0.2755905 1.5501969 0.2755905 1.5994095 0 P 0
L 0.2755905 1.6486221 0.2755905 1.6978347 0 P 0
L 0.2894236 2.6850394 0.2894236 2.7480316 0 P 0
L 0.2894236 2.6850394 0.4154078 2.6850394 0 P 0
L 0.2894236 2.7480316 0.4154078 2.7480316 0 P 0
L 0.3100394 1.2204725 0.3100394 1.2992127 0 P 0
L 0.3100394 1.2204725 0.359252 1.2204725 0 P 0
L 0.3100394 1.2992127 0.359252 1.2992127 0 P 0
L 0.3100394 1.3976378 0.3100394 1.476378 0 P 0
L 0.3100394 1.3976378 0.359252 1.3976378 0 P 0
L 0.3100394 1.476378 0.359252 1.476378 0 P 0
L 0.3297244 1.7716536 0.3297244 1.8503938 0 P 0
L 0.3297244 1.7716536 0.378937 1.7716536 0 P 0
L 0.3297244 1.8503938 0.378937 1.8503938 0 P 0
L 0.359252 1.2204725 0.359252 1.2992127 0 P 0
L 0.359252 1.3976378 0.359252 1.476378 0 P 0
L 0.3740157 1.6092521 0.3740157 1.6584647 1 P 0
L 0.3740157 1.6092521 0.4527558 1.6092521 1 P 0
L 0.3740157 1.6584647 0.4527558 1.6584647 1 P 0
L 0.378937 1.7716536 0.378937 1.8503938 0 P 0
L 0.4154078 2.6850394 0.4154078 2.7480316 0 P 0
L 0.4478347 1.7716536 0.4478347 1.8503938 0 P 0
L 0.4478347 1.7716536 0.4970473 1.7716536 0 P 0
L 0.4478347 1.8503938 0.4970473 1.8503938 0 P 0
L 0.4527558 1.6092521 0.4527558 1.6584647 1 P 0
L 0.4675197 1.2204725 0.4675197 1.2992127 0 P 0
L 0.4675197 1.2204725 0.5167323 1.2204725 0 P 0
L 0.4675197 1.2992127 0.5167323 1.2992127 0 P 0
L 0.4675197 1.3976378 0.4675197 1.476378 0 P 0
L 0.4675197 1.3976378 0.5167323 1.3976378 0 P 0
L 0.4675197 1.476378 0.5167323 1.476378 0 P 0
L 0.4771653 2.5913386 0.4771653 2.723622 2 P 0
L 0.4771653 2.5913386 0.5464567 2.5913386 2 P 0
L 0.4771653 2.723622 0.5464567 2.723622 2 P 0
L 0.4970473 1.7716536 0.4970473 1.8503938 0 P 0
L 0.5167323 1.2204725 0.5167323 1.2992127 0 P 0
L 0.5167323 1.3976378 0.5167323 1.476378 0 P 0
L 0.5464567 2.5913386 0.5464567 2.723622 2 P 0
L 0.5511811 1.550197 0.5511811 1.5994096 0 P 0
L 0.5511811 1.550197 0.6299213 1.550197 0 P 0
L 0.5511811 1.5994096 0.6299213 1.5994096 0 P 0
L 0.5511811 1.6486222 0.5511811 1.6978348 0 P 0
L 0.5511811 1.6486222 0.6299213 1.6486222 0 P 0
L 0.5511811 1.6978348 0.6299213 1.6978348 0 P 0
L 0.5551182 1.7795276 0.5551182 1.8425198 0 P 0
L 0.5551182 1.7795276 0.5866142 1.7795276 0 P 0
L 0.5551182 1.8425198 0.5866142 1.8425198 0 P 0
L 0.5688977 2.8661417 0.5688977 3.2204725 2 P 0
L 0.5748032 1.4055118 0.5748032 1.468504 0 P 0
L 0.5748032 1.4055118 0.6062992 1.4055118 0 P 0
L 0.5748032 1.468504 0.6062992 1.468504 0 P 0
L 0.5755905 2.5913386 0.5755905 2.723622 2 P 0
L 0.5755905 2.5913386 0.6448819 2.5913386 2 P 0
L 0.5755905 2.723622 0.6448819 2.723622 2 P 0
L 0.5856299 1.2204725 0.5856299 1.2992127 0 P 0
L 0.5856299 1.2204725 0.6348425 1.2204725 0 P 0
L 0.5856299 1.2992127 0.6348425 1.2992127 0 P 0
L 0.5866142 1.7795276 0.5866142 1.8425198 0 P 0
L 0.6062992 1.4055118 0.6062992 1.468504 0 P 0
L 0.6112205 2.7706693 0.6112205 2.8198819 0 P 0
L 0.6112205 2.7706693 0.6899607 2.7706693 0 P 0
L 0.6112205 2.8198819 0.6899607 2.8198819 0 P 0
L 0.6299213 1.550197 0.6299213 1.5994096 0 P 0
L 0.6299213 1.6486222 0.6299213 1.6978348 0 P 0
L 0.6348425 1.2204725 0.6348425 1.2992127 0 P 0
L 0.6370079 2.3204725 0.6370079 2.5401575 0 P 0
L 0.6370079 2.3204725 0.7409449 2.3204725 0 P 0
L 0.6370079 2.5401575 0.7409449 2.5401575 0 P 0
L 0.6446851 1.7716536 0.6446851 1.8503938 0 P 0
L 0.6446851 1.7716536 0.6938977 1.7716536 0 P 0
L 0.6446851 1.8503938 0.6938977 1.8503938 0 P 0
L 0.6448819 2.5913386 0.6448819 2.723622 2 P 0
L 0.6608268 2.0677164 0.6608268 2.1055117 1 P 0
L 0.6608268 2.0677164 0.7297245 2.0677164 1 P 0
L 0.6608268 2.1055117 0.7297245 2.1055117 1 P 0
L 0.6637796 2.1496062 0.6637796 2.1811022 0 P 0
L 0.6637796 2.1496062 0.7267718 2.1496062 0 P 0
L 0.6637796 2.1811022 0.7267718 2.1811022 0 P 0
L 0.6637796 2.2480314 0.6637796 2.2795274 0 P 0
L 0.6637796 2.2480314 0.7267718 2.2480314 0 P 0
L 0.6637796 2.2795274 0.7267718 2.2795274 0 P 0
L 0.6751968 2.8759843 0.6751968 2.9114173 0 P 0
L 0.6751968 2.8759843 0.742126 2.8759843 0 P 0
L 0.6751968 2.9114173 0.742126 2.9114173 0 P 0
L 0.6899607 2.7706693 0.6899607 2.8198819 0 P 0
L 0.6938977 1.7716536 0.6938977 1.8503938 0 P 0
L 0.7267718 2.1496062 0.7267718 2.1811022 0 P 0
L 0.7267718 2.2480314 0.7267718 2.2795274 0 P 0
L 0.7297245 2.0677164 0.7297245 2.1055117 1 P 0
L 0.7354331 1.2 0.7354331 1.419685 0 P 0
L 0.7354331 1.2 0.8393701 1.2 0 P 0
L 0.7354331 1.419685 0.8393701 1.419685 0 P 0
L 0.7409449 2.3204725 0.7409449 2.5401575 0 P 0
L 0.742126 2.8759843 0.742126 2.9114173 0 P 0
L 0.7519685 1.7795276 0.7519685 1.8425198 0 P 0
L 0.7519685 1.7795276 0.7834645 1.7795276 0 P 0
L 0.7519685 1.8425198 0.7834645 1.8425198 0 P 0
L 0.7755904 0.7716536 0.7755904 0.8031496 0 P 0
L 0.7755904 0.7716536 0.8385826 0.7716536 0 P 0
L 0.7755904 0.8031496 0.8385826 0.8031496 0 P 0
L 0.7755907 0.2598426 0.7755907 0.2913386 0 P 0
L 0.7755907 0.2598426 0.8385829 0.2598426 0 P 0
L 0.7755907 0.2913386 0.8385829 0.2913386 0 P 0
L 0.7834645 1.7795276 0.7834645 1.8425198 0 P 0
L 0.8041339 2.9923229 0.8041339 3.2175197 1 P 0
L 0.8041339 2.9923229 0.8041339 3.2175197 1 P 0
L 0.8041339 2.9923229 1.4293307 2.9923229 1 P 0
L 0.8041339 2.9923229 1.4293307 2.9923229 1 P 0
L 0.8041339 3.2175197 1.4293307 3.2175197 1 P 0
L 0.8188976 0.8661418 0.8188976 1.0629922 0 P 0
L 0.8188976 0.8661418 0.992126 0.8661418 0 P 0
L 0.8188976 1.0629922 0.992126 1.0629922 0 P 0
L 0.8188979 0.3543308 0.8188979 0.5511812 0 P 0
L 0.8188979 0.3543308 0.9921263 0.3543308 0 P 0
L 0.8188979 0.5511812 0.9921263 0.5511812 0 P 0
L 0.8385826 0.7716536 0.8385826 0.8031496 0 P 0
L 0.8385829 0.2598426 0.8385829 0.2913386 0 P 0
L 0.8393701 1.2 0.8393701 1.419685 0 P 0
L 0.8415354 1.7736223 0.8415354 1.8523625 0 P 0
L 0.8415354 1.7736223 0.890748 1.7736223 0 P 0
L 0.8415354 1.8523625 0.890748 1.8523625 0 P 0
L 0.890748 1.7736223 0.890748 1.8523625 0 P 0
L 0.9251968 2.5147638 0.9251968 2.5639764 0 P 0
L 0.9251968 2.5147638 1.003937 2.5147638 0 P 0
L 0.9251968 2.5639764 1.003937 2.5639764 0 P 0
L 0.9251968 2.6722441 0.9251968 2.7214567 0 P 0
L 0.9251968 2.6722441 1.003937 2.6722441 0 P 0
L 0.9251968 2.7214567 1.003937 2.7214567 0 P 0
L 0.9251968 2.8297244 0.9251968 2.878937 0 P 0
L 0.9251968 2.8297244 1.003937 2.8297244 0 P 0
L 0.9251968 2.878937 1.003937 2.878937 0 P 0
L 0.9488189 1.7814963 0.9488189 1.8444885 0 P 0
L 0.9488189 1.7814963 0.9803149 1.7814963 0 P 0
L 0.9488189 1.8444885 0.9803149 1.8444885 0 P 0
L 0.968504 2.2135827 0.968504 2.2765749 0 P 0
L 0.968504 2.2135827 1 2.2135827 0 P 0
L 0.968504 2.2765749 1 2.2765749 0 P 0
L 0.9803149 1.7814963 0.9803149 1.8444885 0 P 0
L 0.9842519 1.5501968 0.9842519 1.5994094 0 P 0
L 0.9842519 1.5501968 1.0629921 1.5501968 0 P 0
L 0.9842519 1.5994094 1.0629921 1.5994094 0 P 0
L 0.9842519 1.648622 0.9842519 1.6978346 0 P 0
L 0.9842519 1.648622 1.0629921 1.648622 0 P 0
L 0.9842519 1.6978346 1.0629921 1.6978346 0 P 0
L 0.992126 0.8661418 0.992126 1.0629922 0 P 0
L 0.9921263 0.3543308 0.9921263 0.5511812 0 P 0
L 0.9990156 1.2204726 0.9990156 1.2992128 0 P 0
L 0.9990156 1.2204726 1.0482282 1.2204726 0 P 0
L 0.9990156 1.2992128 1.0482282 1.2992128 0 P 0
L 1 2.2135827 1 2.2765749 0 P 0
L 1.003937 2.5147638 1.003937 2.5639764 0 P 0
L 1.003937 2.6722441 1.003937 2.7214567 0 P 0
L 1.003937 2.8297244 1.003937 2.878937 0 P 0
L 1.0078739 1.405512 1.0078739 1.4685042 0 P 0
L 1.0078739 1.405512 1.0393699 1.405512 0 P 0
L 1.0078739 1.4685042 1.0393699 1.4685042 0 P 0
L 1.0393699 1.405512 1.0393699 1.4685042 0 P 0
L 1.0472441 1.7814963 1.0472441 1.8444885 0 P 0
L 1.0472441 1.7814963 1.0787401 1.7814963 0 P 0
L 1.0472441 1.8444885 1.0787401 1.8444885 0 P 0
L 1.0482282 1.2204726 1.0482282 1.2992128 0 P 0
L 1.0580708 2.0875985 1.0580708 2.1663387 0 P 0
L 1.0580708 2.0875985 1.1072834 2.0875985 0 P 0
L 1.0580708 2.1663387 1.1072834 2.1663387 0 P 0
L 1.0629921 1.5501968 1.0629921 1.5994094 0 P 0
L 1.0629921 1.648622 1.0629921 1.6978346 0 P 0
L 1.0669291 2.2726379 1.0669291 2.3356301 0 P 0
L 1.0669291 2.2726379 1.0984251 2.2726379 0 P 0
L 1.0669291 2.3356301 1.0984251 2.3356301 0 P 0
L 1.0688976 2.5216536 1.0688976 2.5570866 0 P 0
L 1.0688976 2.5216536 1.1358268 2.5216536 0 P 0
L 1.0688976 2.5570866 1.1358268 2.5570866 0 P 0
L 1.0688976 2.6791339 1.0688976 2.7145669 0 P 0
L 1.0688976 2.6791339 1.1358268 2.6791339 0 P 0
L 1.0688976 2.7145669 1.1358268 2.7145669 0 P 0
L 1.0688976 2.8366142 1.0688976 2.8720472 0 P 0
L 1.0688976 2.8366142 1.1358268 2.8366142 0 P 0
L 1.0688976 2.8720472 1.1358268 2.8720472 0 P 0
L 1.0787401 1.7814963 1.0787401 1.8444885 0 P 0
L 1.0826771 0.5856299 1.0826771 0.6348425 0 P 0
L 1.0826771 0.5856299 1.1614173 0.5856299 0 P 0
L 1.0826771 0.6348425 1.1614173 0.6348425 0 P 0
L 1.0826771 0.6840551 1.0826771 0.7332677 0 P 0
L 1.0826771 0.6840551 1.1614173 0.6840551 0 P 0
L 1.0826771 0.7332677 1.1614173 0.7332677 0 P 0
L 1.0826771 0.7824803 1.0826771 0.8316929 0 P 0
L 1.0826771 0.7824803 1.1614173 0.7824803 0 P 0
L 1.0826771 0.8316929 1.1614173 0.8316929 0 P 0
L 1.0984251 2.2726379 1.0984251 2.3356301 0 P 0
L 1.1072834 2.0875985 1.1072834 2.1663387 0 P 0
L 1.1171259 1.2204726 1.1171259 1.2992128 0 P 0
L 1.1171259 1.2204726 1.1663385 1.2204726 0 P 0
L 1.1171259 1.2992128 1.1663385 1.2992128 0 P 0
L 1.1171259 1.397638 1.1171259 1.4763782 0 P 0
L 1.1171259 1.397638 1.1663385 1.397638 0 P 0
L 1.1171259 1.4763782 1.1663385 1.4763782 0 P 0
L 1.1358268 2.5216536 1.1358268 2.5570866 0 P 0
L 1.1358268 2.6791339 1.1358268 2.7145669 0 P 0
L 1.1358268 2.8366142 1.1358268 2.8720472 0 P 0
L 1.136811 1.7726381 1.136811 1.8513783 0 P 0
L 1.136811 1.7726381 1.1860236 1.7726381 0 P 0
L 1.136811 1.8513783 1.1860236 1.8513783 0 P 0
L 1.1564622 1.0866142 1.1564622 1.1181102 0 P 0
L 1.1564622 1.0866142 1.2194544 1.0866142 0 P 0
L 1.1564622 1.1181102 1.2194544 1.1181102 0 P 0
L 1.1614173 0.5856299 1.1614173 0.6348425 0 P 0
L 1.1614173 0.6840551 1.1614173 0.7332677 0 P 0
L 1.1614173 0.7824803 1.1614173 0.8316929 0 P 0
L 1.1624353 0.2795276 1.1624353 0.3110236 0 P 0
L 1.1624353 0.2795276 1.2254275 0.2795276 0 P 0
L 1.1624353 0.3110236 1.2254275 0.3110236 0 P 0
L 1.1653543 2.2726379 1.1653543 2.3356301 0 P 0
L 1.1653543 2.2726379 1.1968503 2.2726379 0 P 0
L 1.1653543 2.3356301 1.1968503 2.3356301 0 P 0
L 1.1663385 1.2204726 1.1663385 1.2992128 0 P 0
L 1.1663385 1.397638 1.1663385 1.4763782 0 P 0
L 1.1692913 0.8681104 1.1692913 0.9822836 0 P 0
L 1.1692913 0.8681104 1.2322835 0.8681104 0 P 0
L 1.1692913 0.9822836 1.2322835 0.9822836 0 P 0
L 1.1801966 2.3966535 1.1801966 2.4458661 0 P 0
L 1.1801966 2.3966535 1.2589368 2.3966535 0 P 0
L 1.1801966 2.4458661 1.2589368 2.4458661 0 P 0
L 1.1811023 1.6092522 1.1811023 1.6584648 1 P 0
L 1.1811023 1.6092522 1.2598424 1.6092522 1 P 0
L 1.1811023 1.6584648 1.2598424 1.6584648 1 P 0
L 1.1860236 1.7726381 1.1860236 1.8513783 0 P 0
L 1.1889763 0.3759843 1.1889763 0.4901575 0 P 0
L 1.1889763 0.3759843 1.2519685 0.3759843 0 P 0
L 1.1889763 0.4901575 1.2519685 0.4901575 0 P 0
L 1.1968503 2.2726379 1.1968503 2.3356301 0 P 0
L 1.2155512 2.0866142 1.2155512 2.1653544 0 P 0
L 1.2155512 2.0866142 1.2647638 2.0866142 0 P 0
L 1.2155512 2.1653544 1.2647638 2.1653544 0 P 0
L 1.2194544 1.0866142 1.2194544 1.1181102 0 P 0
L 1.2254275 0.2795276 1.2254275 0.3110236 0 P 0
L 1.2322835 0.8681104 1.2322835 0.9822836 0 P 0
L 1.2334645 2.4822835 1.2334645 2.5964567 2 P 0
L 1.2334645 2.4822835 1.2846457 2.4822835 2 P 0
L 1.2334645 2.5964567 1.2846457 2.5964567 2 P 0
L 1.2334645 2.6397638 1.2334645 2.753937 2 P 0
L 1.2334645 2.6397638 1.2846457 2.6397638 2 P 0
L 1.2334645 2.753937 1.2846457 2.753937 2 P 0
L 1.2350393 2.7952756 1.2350393 2.9094488 2 P 0
L 1.2350393 2.7952756 1.2862205 2.7952756 2 P 0
L 1.2350393 2.9094488 1.2862205 2.9094488 2 P 0
L 1.2409449 2.2696851 1.2409449 2.3385828 1 P 0
L 1.2409449 2.2696851 1.2787402 2.2696851 1 P 0
L 1.2409449 2.3385828 1.2787402 2.3385828 1 P 0
L 1.2519685 0.3759843 1.2519685 0.4901575 0 P 0
L 1.2549213 1.7716538 1.2549213 1.850394 0 P 0
L 1.2549213 1.7716538 1.3041339 1.7716538 0 P 0
L 1.2549213 1.850394 1.3041339 1.850394 0 P 0
L 1.2589368 2.3966535 1.2589368 2.4458661 0 P 0
L 1.2598424 1.6092522 1.2598424 1.6584648 1 P 0
L 1.2647638 2.0866142 1.2647638 2.1653544 0 P 0
L 1.2746062 1.2214568 1.2746062 1.300197 0 P 0
L 1.2746062 1.2214568 1.3238188 1.2214568 0 P 0
L 1.2746062 1.300197 1.3238188 1.300197 0 P 0
L 1.2746062 1.397638 1.2746062 1.4763782 0 P 0
L 1.2746062 1.397638 1.3238188 1.397638 0 P 0
L 1.2746062 1.4763782 1.3238188 1.4763782 0 P 0
L 1.2746063 0.5905512 1.2746063 0.6692914 0 P 0
L 1.2746063 0.5905512 1.3238189 0.5905512 0 P 0
L 1.2746063 0.6692914 1.3238189 0.6692914 0 P 0
L 1.2787402 2.2696851 1.2787402 2.3385828 1 P 0
L 1.2846457 2.4822835 1.2846457 2.5964567 2 P 0
L 1.2846457 2.6397638 1.2846457 2.753937 2 P 0
L 1.2862205 2.7952756 1.2862205 2.9094488 2 P 0
L 1.3041339 1.7716538 1.3041339 1.850394 0 P 0
L 1.3238188 1.2214568 1.3238188 1.300197 0 P 0
L 1.3238188 1.397638 1.3238188 1.4763782 0 P 0
L 1.3238189 0.5905512 1.3238189 0.6692914 0 P 0
L 1.3435039 2.1846458 1.3435039 2.3055119 1 P 0
L 1.3435039 2.1846458 1.4124015 2.1846458 1 P 0
L 1.3435039 2.3055119 1.4124015 2.3055119 1 P 0
L 1.3533465 0.9242125 1.3533465 1.0029527 0 P 0
L 1.3533465 0.9242125 1.4025591 0.9242125 0 P 0
L 1.3533465 1.0029527 1.4025591 1.0029527 0 P 0
L 1.3572833 1.6486222 1.3572833 1.6978348 0 P 0
L 1.3572833 1.6486222 1.4360235 1.6486222 0 P 0
L 1.3572833 1.6978348 1.4360235 1.6978348 0 P 0
L 1.3582677 1.550197 1.3582677 1.5994096 0 P 0
L 1.3582677 1.550197 1.4370079 1.550197 0 P 0
L 1.3582677 1.5994096 1.4370079 1.5994096 0 P 0
L 1.3582677 2.3966535 1.3582677 2.4458661 0 P 0
L 1.3582677 2.3966535 1.4370079 2.3966535 0 P 0
L 1.3582677 2.4458661 1.4370079 2.4458661 0 P 0
L 1.3622048 1.7795278 1.3622048 1.84252 0 P 0
L 1.3622048 1.7795278 1.3937008 1.7795278 0 P 0
L 1.3622048 1.84252 1.3937008 1.84252 0 P 0
L 1.3653543 0.5291339 1.3653543 0.7488189 0 P 0
L 1.3653543 0.5291339 1.4692913 0.5291339 0 P 0
L 1.3653543 0.7488189 1.4692913 0.7488189 0 P 0
L 1.3927165 1.2204726 1.3927165 1.2992128 0 P 0
L 1.3927165 1.2204726 1.4419291 1.2204726 0 P 0
L 1.3927165 1.2992128 1.4419291 1.2992128 0 P 0
L 1.3937008 1.7795278 1.3937008 1.84252 0 P 0
L 1.4015747 1.405512 1.4015747 1.4685042 0 P 0
L 1.4015747 1.405512 1.4330707 1.405512 0 P 0
L 1.4015747 1.4685042 1.4330707 1.4685042 0 P 0
L 1.4025591 0.9242125 1.4025591 1.0029527 0 P 0
L 1.405315 2.6683071 1.405315 2.8935039 1 P 0
L 1.405315 2.6683071 1.405315 2.8935039 1 P 0
L 1.405315 2.6683071 2.0305118 2.6683071 1 P 0
L 1.405315 2.8935039 2.0305118 2.8935039 1 P 0
L 1.405315 2.8935039 2.0305118 2.8935039 1 P 0
L 1.4124015 2.1846458 1.4124015 2.3055119 1 P 0
L 1.4293307 2.9923229 1.4293307 3.2175197 1 P 0
L 1.4293307 2.9923229 1.4293307 3.2175197 1 P 0
L 1.4330707 1.405512 1.4330707 1.4685042 0 P 0
L 1.4360235 1.6486222 1.4360235 1.6978348 0 P 0
L 1.4370079 1.550197 1.4370079 1.5994096 0 P 0
L 1.4370079 2.3966535 1.4370079 2.4458661 0 P 0
L 1.4419291 1.2204726 1.4419291 1.2992128 0 P 0
L 1.4517717 1.7716538 1.4517717 1.850394 0 P 0
L 1.4517717 1.7716538 1.5009843 1.7716538 0 P 0
L 1.4517717 1.850394 1.5009843 1.850394 0 P 0
L 1.4692913 0.5291339 1.4692913 0.7488189 0 P 0
L 1.5009843 1.7716538 1.5009843 1.850394 0 P 0
L 1.5590552 1.7795278 1.5590552 1.84252 0 P 0
L 1.5590552 1.7795278 1.5905512 1.7795278 0 P 0
L 1.5590552 1.84252 1.5905512 1.84252 0 P 0
L 1.5905512 1.7795278 1.5905512 1.84252 0 P 0
L 1.5944882 2.9281496 1.5944882 2.9773622 0 P 0
L 1.5944882 2.9281496 1.6732284 2.9281496 0 P 0
L 1.5944882 2.9773622 1.6732284 2.9773622 0 P 0
L 1.5944882 3.0265748 1.5944882 3.0757874 0 P 0
L 1.5944882 3.0265748 1.6732284 3.0265748 0 P 0
L 1.5944882 3.0757874 1.6732284 3.0757874 0 P 0
L 1.6732284 2.9281496 1.6732284 2.9773622 0 P 0
L 1.6732284 3.0265748 1.6732284 3.0757874 0 P 0
L 1.7216535 0.1724409 1.7216535 0.7724409 1 P 0
L 1.7216535 0.1724409 1.8216535 0.1724409 1 P 0
L 1.7216535 0.7724409 1.8216535 0.7724409 1 P 0
L 1.7216535 1.0779528 1.7216535 1.6779528 1 P 0
L 1.7216535 1.0779528 1.8216535 1.0779528 1 P 0
L 1.7216535 1.6779528 1.8216535 1.6779528 1 P 0
L 1.7216535 1.9834646 1.7216535 2.5834646 1 P 0
L 1.7216535 1.9834646 1.8216535 1.9834646 1 P 0
L 1.7216535 2.5834646 1.8216535 2.5834646 1 P 0
L 1.8216535 0.1724409 1.8216535 0.7724409 1 P 0
L 1.8216535 0.2098425 2.05 0.2098425 1 P 0
L 1.8216535 0.2350393 2.05 0.2350393 1 P 0
L 1.8216535 0.3098425 2.05 0.3098425 1 P 0
L 1.8216535 0.3350393 2.05 0.3350393 1 P 0
L 1.8216535 0.4098425 2.05 0.4098425 1 P 0
L 1.8216535 0.4350393 2.05 0.4350393 1 P 0
L 1.8216535 0.5098425 2.05 0.5098425 1 P 0
L 1.8216535 0.5350393 2.05 0.5350393 1 P 0
L 1.8216535 0.6098425 2.05 0.6098425 1 P 0
L 1.8216535 0.6350393 2.05 0.6350393 1 P 0
L 1.8216535 0.7098425 2.05 0.7098425 1 P 0
L 1.8216535 0.7350393 2.05 0.7350393 1 P 0
L 1.8216535 1.0779528 1.8216535 1.6779528 1 P 0
L 1.8216535 1.1153544 2.05 1.1153544 1 P 0
L 1.8216535 1.1405512 2.05 1.1405512 1 P 0
L 1.8216535 1.2153544 2.05 1.2153544 1 P 0
L 1.8216535 1.2405512 2.05 1.2405512 1 P 0
L 1.8216535 1.3153544 2.05 1.3153544 1 P 0
L 1.8216535 1.3405512 2.05 1.3405512 1 P 0
L 1.8216535 1.4153544 2.05 1.4153544 1 P 0
L 1.8216535 1.4405512 2.05 1.4405512 1 P 0
L 1.8216535 1.5153544 2.05 1.5153544 1 P 0
L 1.8216535 1.5405512 2.05 1.5405512 1 P 0
L 1.8216535 1.6153544 2.05 1.6153544 1 P 0
L 1.8216535 1.6405512 2.05 1.6405512 1 P 0
L 1.8216535 1.9834646 1.8216535 2.5834646 1 P 0
L 1.8216535 2.0208662 2.05 2.0208662 1 P 0
L 1.8216535 2.046063 2.05 2.046063 1 P 0
L 1.8216535 2.1208662 2.05 2.1208662 1 P 0
L 1.8216535 2.146063 2.05 2.146063 1 P 0
L 1.8216535 2.2208662 2.05 2.2208662 1 P 0
L 1.8216535 2.246063 2.05 2.246063 1 P 0
L 1.8216535 2.3208662 2.05 2.3208662 1 P 0
L 1.8216535 2.346063 2.05 2.346063 1 P 0
L 1.8216535 2.4208662 2.05 2.4208662 1 P 0
L 1.8216535 2.446063 2.05 2.446063 1 P 0
L 1.8216535 2.5208662 2.05 2.5208662 1 P 0
L 1.8216535 2.546063 2.05 2.546063 1 P 0
L 2.0305118 2.6683071 2.0305118 2.8935039 1 P 0
L 2.0305118 2.6683071 2.0305118 2.8935039 1 P 0
L 2.05 0.2098425 2.057874 0.2177165 1 P 0
L 2.05 0.2350393 2.057874 0.2271653 1 P 0
L 2.05 0.3098425 2.057874 0.3177165 1 P 0
L 2.05 0.3350393 2.057874 0.3271653 1 P 0
L 2.05 0.4098425 2.057874 0.4177165 1 P 0
L 2.05 0.4350393 2.057874 0.4271653 1 P 0
L 2.05 0.5098425 2.057874 0.5177165 1 P 0
L 2.05 0.5350393 2.057874 0.5271653 1 P 0
L 2.05 0.6098425 2.057874 0.6177165 1 P 0
L 2.05 0.6350393 2.057874 0.6271653 1 P 0
L 2.05 0.7098425 2.057874 0.7177165 1 P 0
L 2.05 0.7350393 2.057874 0.7271653 1 P 0
L 2.05 1.1153544 2.057874 1.1232284 1 P 0
L 2.05 1.1405512 2.057874 1.1326772 1 P 0
L 2.05 1.2153544 2.057874 1.2232284 1 P 0
L 2.05 1.2405512 2.057874 1.2326772 1 P 0
L 2.05 1.3153544 2.057874 1.3232284 1 P 0
L 2.05 1.3405512 2.057874 1.3326772 1 P 0
L 2.05 1.4153544 2.057874 1.4232284 1 P 0
L 2.05 1.4405512 2.057874 1.4326772 1 P 0
L 2.05 1.5153544 2.057874 1.5232284 1 P 0
L 2.05 1.5405512 2.057874 1.5326772 1 P 0
L 2.05 1.6153544 2.057874 1.6232284 1 P 0
L 2.05 1.6405512 2.057874 1.6326772 1 P 0
L 2.05 2.0208662 2.057874 2.0287402 1 P 0
L 2.05 2.046063 2.057874 2.038189 1 P 0
L 2.05 2.1208662 2.057874 2.1287402 1 P 0
L 2.05 2.146063 2.057874 2.138189 1 P 0
L 2.05 2.2208662 2.057874 2.2287402 1 P 0
L 2.05 2.246063 2.057874 2.238189 1 P 0
L 2.05 2.3208662 2.057874 2.3287402 1 P 0
L 2.05 2.346063 2.057874 2.338189 1 P 0
L 2.05 2.4208662 2.057874 2.4287402 1 P 0
L 2.05 2.446063 2.057874 2.438189 1 P 0
L 2.05 2.5208662 2.057874 2.5287402 1 P 0
L 2.05 2.546063 2.057874 2.538189 1 P 0
L 2.057874 0.2177165 2.057874 0.2271653 1 P 0
L 2.057874 0.3177165 2.057874 0.3271653 1 P 0
L 2.057874 0.4177165 2.057874 0.4271653 1 P 0
L 2.057874 0.5177165 2.057874 0.5271653 1 P 0
L 2.057874 0.6177165 2.057874 0.6271653 1 P 0
L 2.057874 0.7177165 2.057874 0.7271653 1 P 0
L 2.057874 1.1232284 2.057874 1.1326772 1 P 0
L 2.057874 1.2232284 2.057874 1.2326772 1 P 0
L 2.057874 1.3232284 2.057874 1.3326772 1 P 0
L 2.057874 1.4232284 2.057874 1.4326772 1 P 0
L 2.057874 1.5232284 2.057874 1.5326772 1 P 0
L 2.057874 1.6232284 2.057874 1.6326772 1 P 0
L 2.057874 2.0287402 2.057874 2.038189 1 P 0
L 2.057874 2.1287402 2.057874 2.138189 1 P 0
L 2.057874 2.2287402 2.057874 2.238189 1 P 0
L 2.057874 2.3287402 2.057874 2.338189 1 P 0
L 2.057874 2.4287402 2.057874 2.438189 1 P 0
L 2.057874 2.5287402 2.057874 2.538189 1 P 0
