#Layer_Color=9474304
#
#Feature symbol names
#
$0 r5
$1 r6.6666

#
#Feature attribute names
#

#
#Layer features
#
A 1.5841732 0.2224409 1.5841732 0.2224409 1.5641732 0.2224409 1 P 0 N
A 1.5841732 0.3224409 1.5841732 0.3224409 1.5641732 0.3224409 1 P 0 N
A 1.5841732 0.4224409 1.5841732 0.4224409 1.5641732 0.4224409 1 P 0 N
A 1.5841732 0.5224409 1.5841732 0.5224409 1.5641732 0.5224409 1 P 0 N
A 1.5841732 0.6224409 1.5841732 0.6224409 1.5641732 0.6224409 1 P 0 N
A 1.5841732 0.7224409 1.5841732 0.7224409 1.5641732 0.7224409 1 P 0 N
A 1.5841732 1.1279528 1.5841732 1.1279528 1.5641732 1.1279528 1 P 0 N
A 1.5841732 1.2279528 1.5841732 1.2279528 1.5641732 1.2279528 1 P 0 N
A 1.5841732 1.3279528 1.5841732 1.3279528 1.5641732 1.3279528 1 P 0 N
A 1.5841732 1.4279528 1.5841732 1.4279528 1.5641732 1.4279528 1 P 0 N
A 1.5841732 1.5279528 1.5841732 1.5279528 1.5641732 1.5279528 1 P 0 N
A 1.5841732 1.6279528 1.5841732 1.6279528 1.5641732 1.6279528 1 P 0 N
A 1.5841732 2.0334646 1.5841732 2.0334646 1.5641732 2.0334646 1 P 0 N
A 1.5841732 2.1334646 1.5841732 2.1334646 1.5641732 2.1334646 1 P 0 N
A 1.5841732 2.2334646 1.5841732 2.2334646 1.5641732 2.2334646 1 P 0 N
A 1.5841732 2.3334646 1.5841732 2.3334646 1.5641732 2.3334646 1 P 0 N
A 1.5841732 2.4334646 1.5841732 2.4334646 1.5641732 2.4334646 1 P 0 N
A 1.5841732 2.5334646 1.5841732 2.5334646 1.5641732 2.5334646 1 P 0 N
A 1.6841732 0.2224409 1.6841732 0.2224409 1.6641732 0.2224409 1 P 0 N
A 1.6841732 0.3224409 1.6841732 0.3224409 1.6641732 0.3224409 1 P 0 N
A 1.6841732 0.4224409 1.6841732 0.4224409 1.6641732 0.4224409 1 P 0 N
A 1.6841732 0.5224409 1.6841732 0.5224409 1.6641732 0.5224409 1 P 0 N
A 1.6841732 0.6224409 1.6841732 0.6224409 1.6641732 0.6224409 1 P 0 N
A 1.6841732 0.7224409 1.6841732 0.7224409 1.6641732 0.7224409 1 P 0 N
A 1.6841732 1.1279528 1.6841732 1.1279528 1.6641732 1.1279528 1 P 0 N
A 1.6841732 1.2279528 1.6841732 1.2279528 1.6641732 1.2279528 1 P 0 N
A 1.6841732 1.3279528 1.6841732 1.3279528 1.6641732 1.3279528 1 P 0 N
A 1.6841732 1.4279528 1.6841732 1.4279528 1.6641732 1.4279528 1 P 0 N
A 1.6841732 1.5279528 1.6841732 1.5279528 1.6641732 1.5279528 1 P 0 N
A 1.6841732 1.6279528 1.6841732 1.6279528 1.6641732 1.6279528 1 P 0 N
A 1.6841732 2.0334646 1.6841732 2.0334646 1.6641732 2.0334646 1 P 0 N
A 1.6841732 2.1334646 1.6841732 2.1334646 1.6641732 2.1334646 1 P 0 N
A 1.6841732 2.2334646 1.6841732 2.2334646 1.6641732 2.2334646 1 P 0 N
A 1.6841732 2.3334646 1.6841732 2.3334646 1.6641732 2.3334646 1 P 0 N
A 1.6841732 2.4334646 1.6841732 2.4334646 1.6641732 2.4334646 1 P 0 N
A 1.6841732 2.5334646 1.6841732 2.5334646 1.6641732 2.5334646 1 P 0 N
L 0.01937 2.6377953 0.03937 2.6177953 0 P 0
L 0.01937 2.6377953 0.03937 2.6577953 0 P 0
L 0.039055 2.3425198 0.059055 2.3225198 0 P 0
L 0.039055 2.3425198 0.059055 2.3625198 0 P 0
L 0.0390551 0.3349607 0.0590551 0.2949607 0 P 0
L 0.0390551 0.3349607 0.0790551 0.3349607 0 P 0
L 0.0390551 0.4349607 0.0590551 0.3949607 0 P 0
L 0.0390551 0.4349607 0.0790551 0.4349607 0 P 0
L 0.0390551 0.5349607 0.0590551 0.4949607 0 P 0
L 0.0390551 0.5349607 0.0790551 0.5349607 0 P 0
L 0.0390551 0.6349607 0.0590551 0.5949607 0 P 0
L 0.0390551 0.6349607 0.0790551 0.6349607 0 P 0
L 0.0390551 0.784567 0.0590551 0.744567 0 P 0
L 0.0390551 0.784567 0.0790551 0.784567 0 P 0
L 0.0390551 0.884567 0.0590551 0.844567 0 P 0
L 0.0390551 0.884567 0.0790551 0.884567 0 P 0
L 0.0390551 0.984567 0.0590551 0.944567 0 P 0
L 0.0390551 0.984567 0.0790551 0.984567 0 P 0
L 0.0390551 1.084567 0.0590551 1.044567 0 P 0
L 0.0390551 1.084567 0.0790551 1.084567 0 P 0
L 0.03937 2.6177953 0.05937 2.6377953 0 P 0
L 0.03937 2.6577953 0.05937 2.6377953 0 P 0
L 0.059055 2.3225198 0.079055 2.3425198 0 P 0
L 0.059055 2.3625198 0.079055 2.3425198 0 P 0
L 0.0590551 0.2949607 0.0790551 0.3349607 0 P 0
L 0.0590551 0.3949607 0.0790551 0.4349607 0 P 0
L 0.0590551 0.4949607 0.0790551 0.5349607 0 P 0
L 0.0590551 0.5949607 0.0790551 0.6349607 0 P 0
L 0.0590551 0.744567 0.0790551 0.784567 0 P 0
L 0.0590551 0.844567 0.0790551 0.884567 0 P 0
L 0.0590551 0.944567 0.0790551 0.984567 0 P 0
L 0.0590551 1.044567 0.0790551 1.084567 0 P 0
L 0.0677953 2.1459843 0.0877953 2.1059843 0 P 0
L 0.0677953 2.1459843 0.1077953 2.1459843 0 P 0
L 0.0855445 1.9308564 0.1055445 1.9108564 0 P 0
L 0.0855445 1.9308564 0.1055445 1.9508564 0 P 0
L 0.0877953 2.1059843 0.1077953 2.1459843 0 P 0
L 0.1055445 1.9108564 0.1255445 1.9308564 0 P 0
L 0.1055445 1.9508564 0.1255445 1.9308564 0 P 0
L 0.1374803 0.1177953 0.1374803 0.1577953 0 P 0
L 0.1374803 0.1177953 0.1774803 0.1177953 0 P 0
L 0.1374803 0.1577953 0.1774803 0.1577953 0 P 0
L 0.1677953 2.1459843 0.1877953 2.1059843 0 P 0
L 0.1677953 2.1459843 0.2077953 2.1459843 0 P 0
L 0.1768504 0.3318111 0.1968504 0.2918111 0 P 0
L 0.1768504 0.3318111 0.2168504 0.3318111 0 P 0
L 0.1768504 0.4318111 0.1968504 0.3918111 0 P 0
L 0.1768504 0.4318111 0.2168504 0.4318111 0 P 0
L 0.1768504 0.5318111 0.1968504 0.4918111 0 P 0
L 0.1768504 0.5318111 0.2168504 0.5318111 0 P 0
L 0.1768504 0.6318111 0.1968504 0.5918111 0 P 0
L 0.1768504 0.6318111 0.2168504 0.6318111 0 P 0
L 0.1768504 0.7861418 0.1968504 0.7461418 0 P 0
L 0.1768504 0.7861418 0.2168504 0.7861418 0 P 0
L 0.1768504 0.8861418 0.1968504 0.8461418 0 P 0
L 0.1768504 0.8861418 0.2168504 0.8861418 0 P 0
L 0.1768504 0.9861418 0.1968504 0.9461418 0 P 0
L 0.1768504 0.9861418 0.2168504 0.9861418 0 P 0
L 0.1768504 1.0861418 0.1968504 1.0461418 0 P 0
L 0.1768504 1.0861418 0.2168504 1.0861418 0 P 0
L 0.1774803 0.1177953 0.1774803 0.1577953 0 P 0
L 0.1877953 2.1059843 0.2077953 2.1459843 0 P 0
L 0.1968504 0.2918111 0.2168504 0.3318111 0 P 0
L 0.1968504 0.3918111 0.2168504 0.4318111 0 P 0
L 0.1968504 0.4918111 0.2168504 0.5318111 0 P 0
L 0.1968504 0.5918111 0.2168504 0.6318111 0 P 0
L 0.1968504 0.7461418 0.2168504 0.7861418 0 P 0
L 0.1968504 0.8461418 0.2168504 0.8861418 0 P 0
L 0.1968504 0.9461418 0.2168504 0.9861418 0 P 0
L 0.1968504 1.0461418 0.2168504 1.0861418 0 P 0
L 0.2359054 2.8149607 0.2559054 2.7949607 0 P 0
L 0.2359054 2.8149607 0.2559054 2.8349607 0 P 0
L 0.2559054 2.7949607 0.2759054 2.8149607 0 P 0
L 0.2559054 2.8349607 0.2759054 2.8149607 0 P 0
L 0.3126772 3.0233071 0.3126772 3.0333071 0 P 0
L 0.3126772 3.0233071 0.3226772 3.0233071 0 P 0
L 0.3126772 3.0333071 0.3226772 3.0433071 0 P 0
L 0.3126772 3.0533071 0.3126772 3.0633071 0 P 0
L 0.3126772 3.0533071 0.3226772 3.0433071 0 P 0
L 0.3126772 3.0633071 0.3226772 3.0633071 0 P 0
L 0.3146456 0.7877166 0.3346456 0.7477166 0 P 0
L 0.3146456 0.7877166 0.3546456 0.7877166 0 P 0
L 0.3146456 0.8877166 0.3346456 0.8477166 0 P 0
L 0.3146456 0.8877166 0.3546456 0.8877166 0 P 0
L 0.3146456 0.9877166 0.3346456 0.9477166 0 P 0
L 0.3146456 0.9877166 0.3546456 0.9877166 0 P 0
L 0.3146456 1.0877166 0.3346456 1.0477166 0 P 0
L 0.3146456 1.0877166 0.3546456 1.0877166 0 P 0
L 0.3226772 3.0233071 0.3326772 3.0333071 0 P 0
L 0.3226772 3.0633071 0.3326772 3.0533071 0 P 0
L 0.3326772 3.0333071 0.3426772 3.0233071 0 P 0
L 0.3326772 3.0533071 0.3426772 3.0633071 0 P 0
L 0.3343306 0.0884252 0.3343306 0.1084252 0 P 0
L 0.3343306 0.0884252 0.3443306 0.0884252 0 P 0
L 0.3343306 0.1084252 0.3443306 0.1084252 0 P 0
L 0.3346456 0.7477166 0.3546456 0.7877166 0 P 0
L 0.3346456 0.8477166 0.3546456 0.8877166 0 P 0
L 0.3346456 0.9477166 0.3546456 0.9877166 0 P 0
L 0.3346456 1.0477166 0.3546456 1.0877166 0 P 0
L 0.3426772 3.0233071 0.3526772 3.0233071 0 P 0
L 0.3426772 3.0433071 0.3526772 3.0333071 0 P 0
L 0.3426772 3.0433071 0.3526772 3.0533071 0 P 0
L 0.3426772 3.0633071 0.3526772 3.0633071 0 P 0
L 0.3443306 0.0784252 0.3443306 0.0884252 0 P 0
L 0.3443306 0.0784252 0.3643306 0.0784252 0 P 0
L 0.3443306 0.1084252 0.3443306 0.1184252 0 P 0
L 0.3443306 0.1184252 0.3643306 0.1184252 0 P 0
L 0.3526772 3.0233071 0.3526772 3.0333071 0 P 0
L 0.3526772 3.0533071 0.3526772 3.0633071 0 P 0
L 0.3643306 0.0784252 0.3643306 0.0884252 0 P 0
L 0.3643306 0.0884252 0.3743306 0.0884252 0 P 0
L 0.3643306 0.1084252 0.3643306 0.1184252 0 P 0
L 0.3643306 0.1084252 0.3743306 0.1084252 0 P 0
L 0.3743306 0.0884252 0.3743306 0.1084252 0 P 0
L 0.3933859 1.2992127 0.4133859 1.2792127 0 P 0
L 0.3933859 1.2992127 0.4133859 1.3192127 0 P 0
L 0.3933859 1.8503938 0.4133859 1.8303938 0 P 0
L 0.3933859 1.8503938 0.4133859 1.8703938 0 P 0
L 0.396814 1.4985067 0.416814 1.4785067 0 P 0
L 0.396814 1.4985067 0.416814 1.5185067 0 P 0
L 0.4130708 0.0884252 0.4130708 0.1084252 0 P 0
L 0.4130708 0.0884252 0.4230708 0.0884252 0 P 0
L 0.4130708 0.1084252 0.4230708 0.1084252 0 P 0
L 0.4130709 2.6181102 0.4330709 2.5981102 0 P 0
L 0.4130709 2.6181102 0.4330709 2.6381102 0 P 0
L 0.4133859 1.2792127 0.4333859 1.2992127 0 P 0
L 0.4133859 1.3192127 0.4333859 1.2992127 0 P 0
L 0.4133859 1.8303938 0.4333859 1.8503938 0 P 0
L 0.4133859 1.8703938 0.4333859 1.8503938 0 P 0
L 0.416814 1.4785067 0.436814 1.4985067 0 P 0
L 0.416814 1.5185067 0.436814 1.4985067 0 P 0
L 0.4230708 0.0784252 0.4230708 0.0884252 0 P 0
L 0.4230708 0.0784252 0.4430708 0.0784252 0 P 0
L 0.4230708 0.1084252 0.4230708 0.1184252 0 P 0
L 0.4230708 0.1184252 0.4430708 0.1184252 0 P 0
L 0.4330709 2.5981102 0.4530709 2.6181102 0 P 0
L 0.4330709 2.6381102 0.4530709 2.6181102 0 P 0
L 0.4425985 2.8422047 0.4425985 2.8522047 0 P 0
L 0.4425985 2.8422047 0.4525985 2.8422047 0 P 0
L 0.4425985 2.8522047 0.4525985 2.8622047 0 P 0
L 0.4425985 2.8722047 0.4425985 2.8822047 0 P 0
L 0.4425985 2.8722047 0.4525985 2.8622047 0 P 0
L 0.4425985 2.8822047 0.4525985 2.8822047 0 P 0
L 0.4430708 0.0784252 0.4430708 0.0884252 0 P 0
L 0.4430708 0.0884252 0.4530708 0.0884252 0 P 0
L 0.4430708 0.1084252 0.4430708 0.1184252 0 P 0
L 0.4430708 0.1084252 0.4530708 0.1084252 0 P 0
L 0.4524409 2.5393701 0.4724409 2.5193701 0 P 0
L 0.4524409 2.5393701 0.4724409 2.5593701 0 P 0
L 0.4525985 2.8422047 0.4625985 2.8522047 0 P 0
L 0.4525985 2.8822047 0.4625985 2.8722047 0 P 0
L 0.4530708 0.0884252 0.4530708 0.1084252 0 P 0
L 0.4558692 1.7150422 0.4758692 1.6950422 0 P 0
L 0.4558692 1.7150422 0.4758692 1.7350422 0 P 0
L 0.4625985 2.8522047 0.4725985 2.8422047 0 P 0
L 0.4625985 2.8722047 0.4725985 2.8822047 0 P 0
L 0.4724409 2.5193701 0.4924409 2.5393701 0 P 0
L 0.4724409 2.5593701 0.4924409 2.5393701 0 P 0
L 0.4725985 2.8422047 0.4825985 2.8422047 0 P 0
L 0.4725985 2.8622047 0.4825985 2.8522047 0 P 0
L 0.4725985 2.8622047 0.4825985 2.8722047 0 P 0
L 0.4725985 2.8822047 0.4825985 2.8822047 0 P 0
L 0.4758692 1.6950422 0.4958692 1.7150422 0 P 0
L 0.4758692 1.7350422 0.4958692 1.7150422 0 P 0
L 0.4825985 2.8422047 0.4825985 2.8522047 0 P 0
L 0.4825985 2.8722047 0.4825985 2.8822047 0 P 0
L 0.491811 0.0884252 0.491811 0.1084252 0 P 0
L 0.491811 0.0884252 0.501811 0.0884252 0 P 0
L 0.491811 0.1084252 0.501811 0.1084252 0 P 0
L 0.491811 2.7755906 0.511811 2.7555906 0 P 0
L 0.491811 2.7755906 0.511811 2.7955906 0 P 0
L 0.501811 0.0784252 0.501811 0.0884252 0 P 0
L 0.501811 0.0784252 0.521811 0.0784252 0 P 0
L 0.501811 0.1084252 0.501811 0.1184252 0 P 0
L 0.501811 0.1184252 0.521811 0.1184252 0 P 0
L 0.5114961 2.007874 0.5314961 1.987874 0 P 0
L 0.5114961 2.007874 0.5314961 2.027874 0 P 0
L 0.511811 2.7555906 0.531811 2.7755906 0 P 0
L 0.511811 2.7955906 0.531811 2.7755906 0 P 0
L 0.521811 0.0784252 0.521811 0.0884252 0 P 0
L 0.521811 0.0884252 0.531811 0.0884252 0 P 0
L 0.521811 0.1084252 0.521811 0.1184252 0 P 0
L 0.521811 0.1084252 0.531811 0.1084252 0 P 0
L 0.5314961 1.987874 0.5514961 2.007874 0 P 0
L 0.5314961 2.027874 0.5514961 2.007874 0 P 0
L 0.531811 0.0884252 0.531811 0.1084252 0 P 0
L 0.5528347 3.0233071 0.5528347 3.0333071 0 P 0
L 0.5528347 3.0233071 0.5628347 3.0233071 0 P 0
L 0.5528347 3.0333071 0.5628347 3.0433071 0 P 0
L 0.5528347 3.0533071 0.5528347 3.0633071 0 P 0
L 0.5528347 3.0533071 0.5628347 3.0433071 0 P 0
L 0.5528347 3.0633071 0.5628347 3.0633071 0 P 0
L 0.5628347 3.0233071 0.5728347 3.0333071 0 P 0
L 0.5628347 3.0633071 0.5728347 3.0533071 0 P 0
L 0.5705512 0.0884252 0.5705512 0.1084252 0 P 0
L 0.5705512 0.0884252 0.5805512 0.0884252 0 P 0
L 0.5705512 0.1084252 0.5805512 0.1084252 0 P 0
L 0.5728347 3.0333071 0.5828347 3.0233071 0 P 0
L 0.5728347 3.0533071 0.5828347 3.0633071 0 P 0
L 0.5805512 0.0784252 0.5805512 0.0884252 0 P 0
L 0.5805512 0.0784252 0.6005512 0.0784252 0 P 0
L 0.5805512 0.1084252 0.5805512 0.1184252 0 P 0
L 0.5805512 0.1184252 0.6005512 0.1184252 0 P 0
L 0.5828347 3.0233071 0.5928347 3.0233071 0 P 0
L 0.5828347 3.0433071 0.5928347 3.0333071 0 P 0
L 0.5828347 3.0433071 0.5928347 3.0533071 0 P 0
L 0.5828347 3.0633071 0.5928347 3.0633071 0 P 0
L 0.5928347 3.0233071 0.5928347 3.0333071 0 P 0
L 0.5928347 3.0533071 0.5928347 3.0633071 0 P 0
L 0.6005512 0.0784252 0.6005512 0.0884252 0 P 0
L 0.6005512 0.0884252 0.6105512 0.0884252 0 P 0
L 0.6005512 0.1084252 0.6005512 0.1184252 0 P 0
L 0.6005512 0.1084252 0.6105512 0.1084252 0 P 0
L 0.6105512 0.0884252 0.6105512 0.1084252 0 P 0
L 0.6492913 0.6496063 0.6692913 0.6296063 0 P 0
L 0.6492913 0.6496063 0.6692913 0.6696063 0 P 0
L 0.6492913 0.734696 0.6692913 0.714696 0 P 0
L 0.6492913 0.734696 0.6692913 0.754696 0 P 0
L 0.6492913 0.8070867 0.6692913 0.7870867 0 P 0
L 0.6492913 0.8070867 0.6692913 0.8270867 0 P 0
L 0.6492913 0.8858268 0.6692913 0.8658268 0 P 0
L 0.6492913 0.8858268 0.6692913 0.9058268 0 P 0
L 0.6492913 0.964567 0.6692913 0.944567 0 P 0
L 0.6492913 0.964567 0.6692913 0.984567 0 P 0
L 0.6492913 1.0433071 0.6692913 1.0233071 0 P 0
L 0.6492913 1.0433071 0.6692913 1.0633071 0 P 0
L 0.6689763 1.2598426 0.6889763 1.2398426 0 P 0
L 0.6689763 1.2598426 0.6889763 1.2798426 0 P 0
L 0.6689764 0.3346457 0.6889764 0.3146457 0 P 0
L 0.6689764 0.3346457 0.6889764 0.3546457 0 P 0
L 0.6689764 2.400315 0.6889764 2.360315 0 P 0
L 0.6689764 2.400315 0.7089764 2.400315 0 P 0
L 0.6689764 2.500315 0.6889764 2.460315 0 P 0
L 0.6689764 2.500315 0.7089764 2.500315 0 P 0
L 0.6692913 0.6296063 0.6892913 0.6496063 0 P 0
L 0.6692913 0.6696063 0.6892913 0.6496063 0 P 0
L 0.6692913 0.714696 0.6892913 0.734696 0 P 0
L 0.6692913 0.754696 0.6892913 0.734696 0 P 0
L 0.6692913 0.7870867 0.6892913 0.8070867 0 P 0
L 0.6692913 0.8270867 0.6892913 0.8070867 0 P 0
L 0.6692913 0.8658268 0.6892913 0.8858268 0 P 0
L 0.6692913 0.9058268 0.6892913 0.8858268 0 P 0
L 0.6692913 0.944567 0.6892913 0.964567 0 P 0
L 0.6692913 0.984567 0.6892913 0.964567 0 P 0
L 0.6692913 1.0233071 0.6892913 1.0433071 0 P 0
L 0.6692913 1.0633071 0.6892913 1.0433071 0 P 0
L 0.6889763 1.2398426 0.7089763 1.2598426 0 P 0
L 0.6889763 1.2798426 0.7089763 1.2598426 0 P 0
L 0.6889764 0.3146457 0.7089764 0.3346457 0 P 0
L 0.6889764 0.3546457 0.7089764 0.3346457 0 P 0
L 0.6889764 2.360315 0.7089764 2.400315 0 P 0
L 0.6889764 2.460315 0.7089764 2.500315 0 P 0
L 0.7280315 2.9527559 0.7480315 2.9327559 0 P 0
L 0.7280315 2.9527559 0.7480315 2.9727559 0 P 0
L 0.7480315 2.9327559 0.7680315 2.9527559 0 P 0
L 0.7480315 2.9727559 0.7680315 2.9527559 0 P 0
L 0.7626771 0.0790552 0.7826771 0.0390552 0 P 0
L 0.7626771 0.0790552 0.8026771 0.0790552 0 P 0
L 0.7674014 1.1220473 0.7874014 1.1020473 0 P 0
L 0.7674014 1.1220473 0.7874014 1.1420473 0 P 0
L 0.7674016 0.6496063 0.7874016 0.6296063 0 P 0
L 0.7674016 0.6496063 0.7874016 0.6696063 0 P 0
L 0.7674016 1.2798425 0.7874016 1.2398425 0 P 0
L 0.7674016 1.2798425 0.8074016 1.2798425 0 P 0
L 0.7674016 1.3798425 0.7874016 1.3398425 0 P 0
L 0.7674016 1.3798425 0.8074016 1.3798425 0 P 0
L 0.7826771 0.0390552 0.8026771 0.0790552 0 P 0
L 0.7870866 1.5351181 0.7870866 1.5751181 0 P 0
L 0.7870866 1.5351181 0.8270866 1.5351181 0 P 0
L 0.7870866 1.5751181 0.8270866 1.5751181 0 P 0
L 0.7874014 1.1020473 0.8074014 1.1220473 0 P 0
L 0.7874014 1.1420473 0.8074014 1.1220473 0 P 0
L 0.7874016 0.6296063 0.8074016 0.6496063 0 P 0
L 0.7874016 0.6696063 0.8074016 0.6496063 0 P 0
L 0.7874016 1.2398425 0.8074016 1.2798425 0 P 0
L 0.7874016 1.3398425 0.8074016 1.3798425 0 P 0
L 0.8067715 2.1790551 0.8267715 2.1390551 0 P 0
L 0.8067715 2.1790551 0.8467715 2.1790551 0 P 0
L 0.8067715 2.2790551 0.8267715 2.2390551 0 P 0
L 0.8067715 2.2790551 0.8467715 2.2790551 0 P 0
L 0.8067715 2.3790551 0.8267715 2.3390551 0 P 0
L 0.8067715 2.3790551 0.8467715 2.3790551 0 P 0
L 0.8067715 2.4790551 0.8267715 2.4390551 0 P 0
L 0.8067715 2.4790551 0.8467715 2.4790551 0 P 0
L 0.8067715 2.5790551 0.8267715 2.5390551 0 P 0
L 0.8067715 2.5790551 0.8467715 2.5790551 0 P 0
L 0.8067715 2.6790551 0.8267715 2.6390551 0 P 0
L 0.8067715 2.6790551 0.8467715 2.6790551 0 P 0
L 0.8067715 2.7790551 0.8267715 2.7390551 0 P 0
L 0.8067715 2.7790551 0.8467715 2.7790551 0 P 0
L 0.8267715 2.1390551 0.8467715 2.1790551 0 P 0
L 0.8267715 2.2390551 0.8467715 2.2790551 0 P 0
L 0.8267715 2.3390551 0.8467715 2.3790551 0 P 0
L 0.8267715 2.4390551 0.8467715 2.4790551 0 P 0
L 0.8267715 2.5390551 0.8467715 2.5790551 0 P 0
L 0.8267715 2.6390551 0.8467715 2.6790551 0 P 0
L 0.8267715 2.7390551 0.8467715 2.7790551 0 P 0
L 0.8270866 1.5351181 0.8270866 1.5751181 0 P 0
L 0.8461416 1.1220473 0.8661416 1.1020473 0 P 0
L 0.8461416 1.1220473 0.8661416 1.1420473 0 P 0
L 0.8461417 0.6102362 0.8661417 0.5902362 0 P 0
L 0.8461417 0.6102362 0.8661417 0.6302362 0 P 0
L 0.8626771 0.0790552 0.8826771 0.0390552 0 P 0
L 0.8626771 0.0790552 0.9026771 0.0790552 0 P 0
L 0.8661416 1.1020473 0.8861416 1.1220473 0 P 0
L 0.8661416 1.1420473 0.8861416 1.1220473 0 P 0
L 0.8661417 0.5902362 0.8861417 0.6102362 0 P 0
L 0.8661417 0.6302362 0.8861417 0.6102362 0 P 0
L 0.8717323 3.0599213 0.8817323 3.0799213 0 P 0
L 0.8717323 3.0599213 0.8917323 3.0699213 0 P 0
L 0.8717323 3.0999213 0.8817323 3.0799213 0 P 0
L 0.8717323 3.0999213 0.8917323 3.0899213 0 P 0
L 0.8717323 3.1099213 0.8817323 3.1299213 0 P 0
L 0.8717323 3.1099213 0.8917323 3.1199213 0 P 0
L 0.8717323 3.1499213 0.8817323 3.1299213 0 P 0
L 0.8717323 3.1499213 0.8917323 3.1399213 0 P 0
L 0.8826771 0.0390552 0.9026771 0.0790552 0 P 0
L 0.8855117 0.7874016 0.9055117 0.7674016 0 P 0
L 0.8855117 0.7874016 0.9055117 0.8074016 0 P 0
L 0.8855118 1.9291341 0.9055118 1.9091341 0 P 0
L 0.8855118 1.9291341 0.9055118 1.9491341 0 P 0
L 0.8855119 0.2755905 0.9055119 0.2555905 0 P 0
L 0.8855119 0.2755905 0.9055119 0.2955905 0 P 0
L 0.8917323 3.0699213 0.9117323 3.0599213 0 P 0
L 0.8917323 3.0899213 0.9117323 3.0999213 0 P 0
L 0.8917323 3.1199213 0.9117323 3.1099213 0 P 0
L 0.8917323 3.1399213 0.9117323 3.1499213 0 P 0
L 0.9017323 3.0799213 0.9117323 3.0599213 0 P 0
L 0.9017323 3.0799213 0.9117323 3.0999213 0 P 0
L 0.9017323 3.1299213 0.9117323 3.1099213 0 P 0
L 0.9017323 3.1299213 0.9117323 3.1499213 0 P 0
L 0.9055117 0.7674016 0.9255117 0.7874016 0 P 0
L 0.9055117 0.8074016 0.9255117 0.7874016 0 P 0
L 0.9055118 1.9091341 0.9255118 1.9291341 0 P 0
L 0.9055118 1.9491341 0.9255118 1.9291341 0 P 0
L 0.9055119 0.2555905 0.9255119 0.2755905 0 P 0
L 0.9055119 0.2955905 0.9255119 0.2755905 0 P 0
L 0.9128188 1.2292162 0.9328188 1.2092162 0 P 0
L 0.9128188 1.2292162 0.9328188 1.2492162 0 P 0
L 0.9217323 3.0599213 0.9317323 3.0799213 0 P 0
L 0.9217323 3.0599213 0.9417323 3.0699213 0 P 0
L 0.9217323 3.0999213 0.9317323 3.0799213 0 P 0
L 0.9217323 3.0999213 0.9417323 3.0899213 0 P 0
L 0.9217323 3.1099213 0.9317323 3.1299213 0 P 0
L 0.9217323 3.1099213 0.9417323 3.1199213 0 P 0
L 0.9217323 3.1499213 0.9317323 3.1299213 0 P 0
L 0.9217323 3.1499213 0.9417323 3.1399213 0 P 0
L 0.9248819 0.5905512 0.9448819 0.5705512 0 P 0
L 0.9248819 0.5905512 0.9448819 0.6105512 0 P 0
L 0.9248819 1.1220473 0.9448819 1.1020473 0 P 0
L 0.9248819 1.1220473 0.9448819 1.1420473 0 P 0
L 0.9248819 2.0866142 0.9448819 2.0666142 0 P 0
L 0.9248819 2.0866142 0.9448819 2.1066142 0 P 0
L 0.9328188 1.2092162 0.9528188 1.2292162 0 P 0
L 0.9328188 1.2492162 0.9528188 1.2292162 0 P 0
L 0.9417323 3.0699213 0.9617323 3.0599213 0 P 0
L 0.9417323 3.0899213 0.9617323 3.0999213 0 P 0
L 0.9417323 3.1199213 0.9617323 3.1099213 0 P 0
L 0.9417323 3.1399213 0.9617323 3.1499213 0 P 0
L 0.9445669 2.6181102 0.9645669 2.5981102 0 P 0
L 0.9445669 2.6181102 0.9645669 2.6381102 0 P 0
L 0.9448819 0.5705512 0.9648819 0.5905512 0 P 0
L 0.9448819 0.6105512 0.9648819 0.5905512 0 P 0
L 0.9448819 1.1020473 0.9648819 1.1220473 0 P 0
L 0.9448819 1.1420473 0.9648819 1.1220473 0 P 0
L 0.9448819 2.0666142 0.9648819 2.0866142 0 P 0
L 0.9448819 2.1066142 0.9648819 2.0866142 0 P 0
L 0.9517323 3.0799213 0.9617323 3.0599213 0 P 0
L 0.9517323 3.0799213 0.9617323 3.0999213 0 P 0
L 0.9517323 3.1299213 0.9617323 3.1099213 0 P 0
L 0.9517323 3.1299213 0.9617323 3.1499213 0 P 0
L 0.9626771 0.0790552 0.9826771 0.0390552 0 P 0
L 0.9626771 0.0790552 1.0026771 0.0790552 0 P 0
L 0.9645669 2.5981102 0.9845669 2.6181102 0 P 0
L 0.9645669 2.6381102 0.9845669 2.6181102 0 P 0
L 0.9660738 2.3622047 0.9860738 2.3422047 0 P 0
L 0.9660738 2.3622047 0.9860738 2.3822047 0 P 0
L 0.9717323 3.0599213 0.9817323 3.0799213 0 P 0
L 0.9717323 3.0599213 0.9917323 3.0699213 0 P 0
L 0.9717323 3.0999213 0.9817323 3.0799213 0 P 0
L 0.9717323 3.0999213 0.9917323 3.0899213 0 P 0
L 0.9717323 3.1099213 0.9817323 3.1299213 0 P 0
L 0.9717323 3.1099213 0.9917323 3.1199213 0 P 0
L 0.9717323 3.1499213 0.9817323 3.1299213 0 P 0
L 0.9717323 3.1499213 0.9917323 3.1399213 0 P 0
L 0.9826771 0.0390552 1.0026771 0.0790552 0 P 0
L 0.9860738 2.3422047 1.0060738 2.3622047 0 P 0
L 0.9860738 2.3822047 1.0060738 2.3622047 0 P 0
L 0.9917323 3.0699213 1.0117323 3.0599213 0 P 0
L 0.9917323 3.0899213 1.0117323 3.0999213 0 P 0
L 0.9917323 3.1199213 1.0117323 3.1099213 0 P 0
L 0.9917323 3.1399213 1.0117323 3.1499213 0 P 0
L 1.0017323 3.0799213 1.0117323 3.0599213 0 P 0
L 1.0017323 3.0799213 1.0117323 3.0999213 0 P 0
L 1.0017323 3.1299213 1.0117323 3.1099213 0 P 0
L 1.0017323 3.1299213 1.0117323 3.1499213 0 P 0
L 1.0217323 3.0599213 1.0317323 3.0799213 0 P 0
L 1.0217323 3.0599213 1.0417323 3.0699213 0 P 0
L 1.0217323 3.0999213 1.0317323 3.0799213 0 P 0
L 1.0217323 3.0999213 1.0417323 3.0899213 0 P 0
L 1.0217323 3.1099213 1.0317323 3.1299213 0 P 0
L 1.0217323 3.1099213 1.0417323 3.1199213 0 P 0
L 1.0217323 3.1499213 1.0317323 3.1299213 0 P 0
L 1.0217323 3.1499213 1.0417323 3.1399213 0 P 0
L 1.0417323 3.0699213 1.0617323 3.0599213 0 P 0
L 1.0417323 3.0899213 1.0617323 3.0999213 0 P 0
L 1.0417323 3.1199213 1.0617323 3.1099213 0 P 0
L 1.0417323 3.1399213 1.0617323 3.1499213 0 P 0
L 1.0497405 0.3149606 1.0697405 0.2949606 0 P 0
L 1.0497405 0.3149606 1.0697405 0.3349606 0 P 0
L 1.0517323 3.0799213 1.0617323 3.0599213 0 P 0
L 1.0517323 3.0799213 1.0617323 3.0999213 0 P 0
L 1.0517323 3.1299213 1.0617323 3.1099213 0 P 0
L 1.0517323 3.1299213 1.0617323 3.1499213 0 P 0
L 1.0626771 0.0790552 1.0826771 0.0390552 0 P 0
L 1.0626771 0.0790552 1.1026771 0.0790552 0 P 0
L 1.0697405 0.2949606 1.0897405 0.3149606 0 P 0
L 1.0697405 0.3349606 1.0897405 0.3149606 0 P 0
L 1.0717323 3.0599213 1.0817323 3.0799213 0 P 0
L 1.0717323 3.0599213 1.0917323 3.0699213 0 P 0
L 1.0717323 3.0999213 1.0817323 3.0799213 0 P 0
L 1.0717323 3.0999213 1.0917323 3.0899213 0 P 0
L 1.0717323 3.1099213 1.0817323 3.1299213 0 P 0
L 1.0717323 3.1099213 1.0917323 3.1199213 0 P 0
L 1.0717323 3.1499213 1.0817323 3.1299213 0 P 0
L 1.0717323 3.1499213 1.0917323 3.1399213 0 P 0
L 1.0826771 0.0390552 1.1026771 0.0790552 0 P 0
L 1.0917323 3.0699213 1.1117323 3.0599213 0 P 0
L 1.0917323 3.0899213 1.1117323 3.0999213 0 P 0
L 1.0917323 3.1199213 1.1117323 3.1099213 0 P 0
L 1.0917323 3.1399213 1.1117323 3.1499213 0 P 0
L 1.1017323 3.0799213 1.1117323 3.0599213 0 P 0
L 1.1017323 3.0799213 1.1117323 3.0999213 0 P 0
L 1.1017323 3.1299213 1.1117323 3.1099213 0 P 0
L 1.1017323 3.1299213 1.1117323 3.1499213 0 P 0
L 1.1020472 0.5511811 1.1220472 0.5311811 0 P 0
L 1.1020472 0.5511811 1.1220472 0.5711811 0 P 0
L 1.1217323 3.0599213 1.1317323 3.0799213 0 P 0
L 1.1217323 3.0599213 1.1417323 3.0699213 0 P 0
L 1.1217323 3.0999213 1.1317323 3.0799213 0 P 0
L 1.1217323 3.0999213 1.1417323 3.0899213 0 P 0
L 1.1217323 3.1099213 1.1317323 3.1299213 0 P 0
L 1.1217323 3.1099213 1.1417323 3.1199213 0 P 0
L 1.1217323 3.1499213 1.1317323 3.1299213 0 P 0
L 1.1217323 3.1499213 1.1417323 3.1399213 0 P 0
L 1.1220472 0.5311811 1.1420472 0.5511811 0 P 0
L 1.1220472 0.5711811 1.1420472 0.5511811 0 P 0
L 1.1414172 2.0866142 1.1614172 2.0666142 0 P 0
L 1.1414172 2.0866142 1.1614172 2.1066142 0 P 0
L 1.1417323 3.0699213 1.1617323 3.0599213 0 P 0
L 1.1417323 3.0899213 1.1617323 3.0999213 0 P 0
L 1.1417323 3.1199213 1.1617323 3.1099213 0 P 0
L 1.1417323 3.1399213 1.1617323 3.1499213 0 P 0
L 1.1426669 2.2059741 1.1626669 2.1859741 0 P 0
L 1.1426669 2.2059741 1.1626669 2.2259741 0 P 0
L 1.1517323 3.0799213 1.1617323 3.0599213 0 P 0
L 1.1517323 3.0799213 1.1617323 3.0999213 0 P 0
L 1.1517323 3.1299213 1.1617323 3.1099213 0 P 0
L 1.1517323 3.1299213 1.1617323 3.1499213 0 P 0
L 1.1614172 2.0666142 1.1814172 2.0866142 0 P 0
L 1.1614172 2.1066142 1.1814172 2.0866142 0 P 0
L 1.1626669 2.1859741 1.1826669 2.2059741 0 P 0
L 1.1626669 2.2259741 1.1826669 2.2059741 0 P 0
L 1.1717323 3.0599213 1.1817323 3.0799213 0 P 0
L 1.1717323 3.0599213 1.1917323 3.0699213 0 P 0
L 1.1717323 3.0999213 1.1817323 3.0799213 0 P 0
L 1.1717323 3.0999213 1.1917323 3.0899213 0 P 0
L 1.1717323 3.1099213 1.1817323 3.1299213 0 P 0
L 1.1717323 3.1099213 1.1917323 3.1199213 0 P 0
L 1.1717323 3.1499213 1.1817323 3.1299213 0 P 0
L 1.1717323 3.1499213 1.1917323 3.1399213 0 P 0
L 1.1917323 3.0699213 1.2117323 3.0599213 0 P 0
L 1.1917323 3.0899213 1.2117323 3.0999213 0 P 0
L 1.1917323 3.1199213 1.2117323 3.1099213 0 P 0
L 1.1917323 3.1399213 1.2117323 3.1499213 0 P 0
L 1.2004724 0.6102362 1.2204724 0.5902362 0 P 0
L 1.2004724 0.6102362 1.2204724 0.6302362 0 P 0
L 1.2004724 0.7086614 1.2204724 0.6886614 0 P 0
L 1.2004724 0.7086614 1.2204724 0.7286614 0 P 0
L 1.2004724 0.8070866 1.2204724 0.7870866 0 P 0
L 1.2004724 0.8070866 1.2204724 0.8270866 0 P 0
L 1.2004724 1.2992126 1.2204724 1.2792126 0 P 0
L 1.2004724 1.2992126 1.2204724 1.3192126 0 P 0
L 1.2004724 1.4960632 1.2204724 1.4760632 0 P 0
L 1.2004724 1.4960632 1.2204724 1.5160632 0 P 0
L 1.2004724 1.8503938 1.2204724 1.8303938 0 P 0
L 1.2004724 1.8503938 1.2204724 1.8703938 0 P 0
L 1.2017323 3.0799213 1.2117323 3.0599213 0 P 0
L 1.2017323 3.0799213 1.2117323 3.0999213 0 P 0
L 1.2017323 3.1299213 1.2117323 3.1099213 0 P 0
L 1.2017323 3.1299213 1.2117323 3.1499213 0 P 0
L 1.2201575 1.023622 1.2401575 1.003622 0 P 0
L 1.2201575 1.023622 1.2401575 1.043622 0 P 0
L 1.2204724 0.5902362 1.2404724 0.6102362 0 P 0
L 1.2204724 0.6302362 1.2404724 0.6102362 0 P 0
L 1.2204724 0.6886614 1.2404724 0.7086614 0 P 0
L 1.2204724 0.7286614 1.2404724 0.7086614 0 P 0
L 1.2204724 0.7870866 1.2404724 0.8070866 0 P 0
L 1.2204724 0.8270866 1.2404724 0.8070866 0 P 0
L 1.2204724 1.2792126 1.2404724 1.2992126 0 P 0
L 1.2204724 1.3192126 1.2404724 1.2992126 0 P 0
L 1.2204724 1.4760632 1.2404724 1.4960632 0 P 0
L 1.2204724 1.5160632 1.2404724 1.4960632 0 P 0
L 1.2204724 1.8303938 1.2404724 1.8503938 0 P 0
L 1.2204724 1.8703938 1.2404724 1.8503938 0 P 0
L 1.2217323 3.0599213 1.2317323 3.0799213 0 P 0
L 1.2217323 3.0599213 1.2417323 3.0699213 0 P 0
L 1.2217323 3.0999213 1.2317323 3.0799213 0 P 0
L 1.2217323 3.0999213 1.2417323 3.0899213 0 P 0
L 1.2217323 3.1099213 1.2317323 3.1299213 0 P 0
L 1.2217323 3.1099213 1.2417323 3.1199213 0 P 0
L 1.2217323 3.1499213 1.2317323 3.1299213 0 P 0
L 1.2217323 3.1499213 1.2417323 3.1399213 0 P 0
L 1.2351181 0.0790552 1.2551181 0.0390552 0 P 0
L 1.2351181 0.0790552 1.2751181 0.0790552 0 P 0
L 1.2401575 1.003622 1.2601575 1.023622 0 P 0
L 1.2401575 1.043622 1.2601575 1.023622 0 P 0
L 1.2417323 3.0699213 1.2617323 3.0599213 0 P 0
L 1.2417323 3.0899213 1.2617323 3.0999213 0 P 0
L 1.2417323 3.1199213 1.2617323 3.1099213 0 P 0
L 1.2417323 3.1399213 1.2617323 3.1499213 0 P 0
L 1.2517323 3.0799213 1.2617323 3.0599213 0 P 0
L 1.2517323 3.0799213 1.2617323 3.0999213 0 P 0
L 1.2517323 3.1299213 1.2617323 3.1099213 0 P 0
L 1.2517323 3.1299213 1.2617323 3.1499213 0 P 0
L 1.2551181 0.0390552 1.2751181 0.0790552 0 P 0
L 1.2595276 1.7125987 1.2795276 1.6925987 0 P 0
L 1.2595276 1.7125987 1.2795276 1.7325987 0 P 0
L 1.2717323 3.0599213 1.2817323 3.0799213 0 P 0
L 1.2717323 3.0599213 1.2917323 3.0699213 0 P 0
L 1.2717323 3.0999213 1.2817323 3.0799213 0 P 0
L 1.2717323 3.0999213 1.2917323 3.0899213 0 P 0
L 1.2717323 3.1099213 1.2817323 3.1299213 0 P 0
L 1.2717323 3.1099213 1.2917323 3.1199213 0 P 0
L 1.2717323 3.1499213 1.2817323 3.1299213 0 P 0
L 1.2717323 3.1499213 1.2917323 3.1399213 0 P 0
L 1.2795276 1.6925987 1.2995276 1.7125987 0 P 0
L 1.2795276 1.7325987 1.2995276 1.7125987 0 P 0
L 1.2917323 3.0699213 1.3117323 3.0599213 0 P 0
L 1.2917323 3.0899213 1.3117323 3.0999213 0 P 0
L 1.2917323 3.1199213 1.3117323 3.1099213 0 P 0
L 1.2917323 3.1399213 1.3117323 3.1499213 0 P 0
L 1.3017323 3.0799213 1.3117323 3.0599213 0 P 0
L 1.3017323 3.0799213 1.3117323 3.0999213 0 P 0
L 1.3017323 3.1299213 1.3117323 3.1099213 0 P 0
L 1.3017323 3.1299213 1.3117323 3.1499213 0 P 0
L 1.3185826 1.968504 1.3385826 1.948504 0 P 0
L 1.3185826 1.968504 1.3385826 1.988504 0 P 0
L 1.3217323 3.0599213 1.3317323 3.0799213 0 P 0
L 1.3217323 3.0599213 1.3417323 3.0699213 0 P 0
L 1.3217323 3.0999213 1.3317323 3.0799213 0 P 0
L 1.3217323 3.0999213 1.3417323 3.0899213 0 P 0
L 1.3217323 3.1099213 1.3317323 3.1299213 0 P 0
L 1.3217323 3.1099213 1.3417323 3.1199213 0 P 0
L 1.3217323 3.1499213 1.3317323 3.1299213 0 P 0
L 1.3217323 3.1499213 1.3417323 3.1399213 0 P 0
L 1.3351181 0.0790552 1.3551181 0.0390552 0 P 0
L 1.3351181 0.0790552 1.3751181 0.0790552 0 P 0
L 1.3382677 2.5787402 1.3582677 2.5587402 0 P 0
L 1.3382677 2.5787402 1.3582677 2.5987402 0 P 0
L 1.3382677 2.7165354 1.3582677 2.6965354 0 P 0
L 1.3382677 2.7165354 1.3582677 2.7365354 0 P 0
L 1.3382677 2.8937008 1.3582677 2.8737008 0 P 0
L 1.3382677 2.8937008 1.3582677 2.9137008 0 P 0
L 1.3385826 1.948504 1.3585826 1.968504 0 P 0
L 1.3385826 1.988504 1.3585826 1.968504 0 P 0
L 1.3417323 3.0699213 1.3617323 3.0599213 0 P 0
L 1.3417323 3.0899213 1.3617323 3.0999213 0 P 0
L 1.3417323 3.1199213 1.3617323 3.1099213 0 P 0
L 1.3417323 3.1399213 1.3617323 3.1499213 0 P 0
L 1.3517323 3.0799213 1.3617323 3.0599213 0 P 0
L 1.3517323 3.0799213 1.3617323 3.0999213 0 P 0
L 1.3517323 3.1299213 1.3617323 3.1099213 0 P 0
L 1.3517323 3.1299213 1.3617323 3.1499213 0 P 0
L 1.3551181 0.0390552 1.3751181 0.0790552 0 P 0
L 1.3582677 2.5587402 1.3782677 2.5787402 0 P 0
L 1.3582677 2.5987402 1.3782677 2.5787402 0 P 0
L 1.3582677 2.6965354 1.3782677 2.7165354 0 P 0
L 1.3582677 2.7365354 1.3782677 2.7165354 0 P 0
L 1.3582677 2.8737008 1.3782677 2.8937008 0 P 0
L 1.3582677 2.9137008 1.3782677 2.8937008 0 P 0
L 1.3973228 0.6089764 1.4173228 0.5689764 0 P 0
L 1.3973228 0.6089764 1.4373228 0.6089764 0 P 0
L 1.3973228 0.7089764 1.4173228 0.6689764 0 P 0
L 1.3973228 0.7089764 1.4373228 0.7089764 0 P 0
L 1.4173228 0.5689764 1.4373228 0.6089764 0 P 0
L 1.4173228 0.6689764 1.4373228 0.7089764 0 P 0
L 1.4351181 0.0790552 1.4551181 0.0390552 0 P 0
L 1.4351181 0.0790552 1.4751181 0.0790552 0 P 0
L 1.4551181 0.0390552 1.4751181 0.0790552 0 P 0
L 1.4729134 2.7359055 1.4829134 2.7559055 0 P 0
L 1.4729134 2.7359055 1.4929134 2.7459055 0 P 0
L 1.4729134 2.7759055 1.4829134 2.7559055 0 P 0
L 1.4729134 2.7759055 1.4929134 2.7659055 0 P 0
L 1.4729134 2.7859055 1.4829134 2.8059055 0 P 0
L 1.4729134 2.7859055 1.4929134 2.7959055 0 P 0
L 1.4729134 2.8259055 1.4829134 2.8059055 0 P 0
L 1.4729134 2.8259055 1.4929134 2.8159055 0 P 0
L 1.4929134 2.7459055 1.5129134 2.7359055 0 P 0
L 1.4929134 2.7659055 1.5129134 2.7759055 0 P 0
L 1.4929134 2.7959055 1.5129134 2.7859055 0 P 0
L 1.4929134 2.8159055 1.5129134 2.8259055 0 P 0
L 1.5029134 2.7559055 1.5129134 2.7359055 0 P 0
L 1.5029134 2.7559055 1.5129134 2.7759055 0 P 0
L 1.5029134 2.8059055 1.5129134 2.7859055 0 P 0
L 1.5029134 2.8059055 1.5129134 2.8259055 0 P 0
L 1.515433 1.9291339 1.535433 1.9091339 0 P 0
L 1.515433 1.9291339 1.535433 1.9491339 0 P 0
L 1.5229134 2.7359055 1.5329134 2.7559055 0 P 0
L 1.5229134 2.7359055 1.5429134 2.7459055 0 P 0
L 1.5229134 2.7759055 1.5329134 2.7559055 0 P 0
L 1.5229134 2.7759055 1.5429134 2.7659055 0 P 0
L 1.5229134 2.7859055 1.5329134 2.8059055 0 P 0
L 1.5229134 2.7859055 1.5429134 2.7959055 0 P 0
L 1.5229134 2.8259055 1.5329134 2.8059055 0 P 0
L 1.5229134 2.8259055 1.5429134 2.8159055 0 P 0
L 1.5351181 0.0790552 1.5551181 0.0390552 0 P 0
L 1.5351181 0.0790552 1.5751181 0.0790552 0 P 0
L 1.535433 1.9091339 1.555433 1.9291339 0 P 0
L 1.535433 1.9491339 1.555433 1.9291339 0 P 0
L 1.5429134 2.7459055 1.5629134 2.7359055 0 P 0
L 1.5429134 2.7659055 1.5629134 2.7759055 0 P 0
L 1.5429134 2.7959055 1.5629134 2.7859055 0 P 0
L 1.5429134 2.8159055 1.5629134 2.8259055 0 P 0
L 1.5529134 2.7559055 1.5629134 2.7359055 0 P 0
L 1.5529134 2.7559055 1.5629134 2.7759055 0 P 0
L 1.5529134 2.8059055 1.5629134 2.7859055 0 P 0
L 1.5529134 2.8059055 1.5629134 2.8259055 0 P 0
L 1.5551181 0.0390552 1.5751181 0.0790552 0 P 0
L 1.5729134 2.7359055 1.5829134 2.7559055 0 P 0
L 1.5729134 2.7359055 1.5929134 2.7459055 0 P 0
L 1.5729134 2.7759055 1.5829134 2.7559055 0 P 0
L 1.5729134 2.7759055 1.5929134 2.7659055 0 P 0
L 1.5729134 2.7859055 1.5829134 2.8059055 0 P 0
L 1.5729134 2.7859055 1.5929134 2.7959055 0 P 0
L 1.5729134 2.8259055 1.5829134 2.8059055 0 P 0
L 1.5729134 2.8259055 1.5929134 2.8159055 0 P 0
L 1.5929134 2.7459055 1.6129134 2.7359055 0 P 0
L 1.5929134 2.7659055 1.6129134 2.7759055 0 P 0
L 1.5929134 2.7959055 1.6129134 2.7859055 0 P 0
L 1.5929134 2.8159055 1.6129134 2.8259055 0 P 0
L 1.6029134 2.7559055 1.6129134 2.7359055 0 P 0
L 1.6029134 2.7559055 1.6129134 2.7759055 0 P 0
L 1.6029134 2.8059055 1.6129134 2.7859055 0 P 0
L 1.6029134 2.8059055 1.6129134 2.8259055 0 P 0
L 1.6229134 2.7359055 1.6329134 2.7559055 0 P 0
L 1.6229134 2.7359055 1.6429134 2.7459055 0 P 0
L 1.6229134 2.7759055 1.6329134 2.7559055 0 P 0
L 1.6229134 2.7759055 1.6429134 2.7659055 0 P 0
L 1.6229134 2.7859055 1.6329134 2.8059055 0 P 0
L 1.6229134 2.7859055 1.6429134 2.7959055 0 P 0
L 1.6229134 2.8259055 1.6329134 2.8059055 0 P 0
L 1.6229134 2.8259055 1.6429134 2.8159055 0 P 0
L 1.6351181 0.0790552 1.6551181 0.0390552 0 P 0
L 1.6351181 0.0790552 1.6751181 0.0790552 0 P 0
L 1.6429134 2.7459055 1.6629134 2.7359055 0 P 0
L 1.6429134 2.7659055 1.6629134 2.7759055 0 P 0
L 1.6429134 2.7959055 1.6629134 2.7859055 0 P 0
L 1.6429134 2.8159055 1.6629134 2.8259055 0 P 0
L 1.6529134 2.7559055 1.6629134 2.7359055 0 P 0
L 1.6529134 2.7559055 1.6629134 2.7759055 0 P 0
L 1.6529134 2.8059055 1.6629134 2.7859055 0 P 0
L 1.6529134 2.8059055 1.6629134 2.8259055 0 P 0
L 1.6551181 0.0390552 1.6751181 0.0790552 0 P 0
L 1.6729134 2.7359055 1.6829134 2.7559055 0 P 0
L 1.6729134 2.7359055 1.6929134 2.7459055 0 P 0
L 1.6729134 2.7759055 1.6829134 2.7559055 0 P 0
L 1.6729134 2.7759055 1.6929134 2.7659055 0 P 0
L 1.6729134 2.7859055 1.6829134 2.8059055 0 P 0
L 1.6729134 2.7859055 1.6929134 2.7959055 0 P 0
L 1.6729134 2.8259055 1.6829134 2.8059055 0 P 0
L 1.6729134 2.8259055 1.6929134 2.8159055 0 P 0
L 1.6929134 2.7459055 1.7129134 2.7359055 0 P 0
L 1.6929134 2.7659055 1.7129134 2.7759055 0 P 0
L 1.6929134 2.7959055 1.7129134 2.7859055 0 P 0
L 1.6929134 2.8159055 1.7129134 2.8259055 0 P 0
L 1.7029134 2.7559055 1.7129134 2.7359055 0 P 0
L 1.7029134 2.7559055 1.7129134 2.7759055 0 P 0
L 1.7029134 2.8059055 1.7129134 2.7859055 0 P 0
L 1.7029134 2.8059055 1.7129134 2.8259055 0 P 0
L 1.7229134 2.7359055 1.7329134 2.7559055 0 P 0
L 1.7229134 2.7359055 1.7429134 2.7459055 0 P 0
L 1.7229134 2.7759055 1.7329134 2.7559055 0 P 0
L 1.7229134 2.7759055 1.7429134 2.7659055 0 P 0
L 1.7229134 2.7859055 1.7329134 2.8059055 0 P 0
L 1.7229134 2.7859055 1.7429134 2.7959055 0 P 0
L 1.7229134 2.8259055 1.7329134 2.8059055 0 P 0
L 1.7229134 2.8259055 1.7429134 2.8159055 0 P 0
L 1.7351181 0.0790552 1.7551181 0.0390552 0 P 0
L 1.7351181 0.0790552 1.7751181 0.0790552 0 P 0
L 1.7429134 2.7459055 1.7629134 2.7359055 0 P 0
L 1.7429134 2.7659055 1.7629134 2.7759055 0 P 0
L 1.7429134 2.7959055 1.7629134 2.7859055 0 P 0
L 1.7429134 2.8159055 1.7629134 2.8259055 0 P 0
L 1.7529134 2.7559055 1.7629134 2.7359055 0 P 0
L 1.7529134 2.7559055 1.7629134 2.7759055 0 P 0
L 1.7529134 2.8059055 1.7629134 2.7859055 0 P 0
L 1.7529134 2.8059055 1.7629134 2.8259055 0 P 0
L 1.7551181 0.0390552 1.7751181 0.0790552 0 P 0
L 1.7713386 0.9051969 1.7713386 0.9451969 0 P 0
L 1.7713386 0.9051969 1.8113386 0.9051969 0 P 0
L 1.7713386 0.9451969 1.8113386 0.9451969 0 P 0
L 1.7713386 1.8107087 1.7713386 1.8507087 0 P 0
L 1.7713386 1.8107087 1.8113386 1.8107087 0 P 0
L 1.7713386 1.8507087 1.8113386 1.8507087 0 P 0
L 1.7729134 2.7359055 1.7829134 2.7559055 0 P 0
L 1.7729134 2.7359055 1.7929134 2.7459055 0 P 0
L 1.7729134 2.7759055 1.7829134 2.7559055 0 P 0
L 1.7729134 2.7759055 1.7929134 2.7659055 0 P 0
L 1.7729134 2.7859055 1.7829134 2.8059055 0 P 0
L 1.7729134 2.7859055 1.7929134 2.7959055 0 P 0
L 1.7729134 2.8259055 1.7829134 2.8059055 0 P 0
L 1.7729134 2.8259055 1.7929134 2.8159055 0 P 0
L 1.7929134 2.7459055 1.8129134 2.7359055 0 P 0
L 1.7929134 2.7659055 1.8129134 2.7759055 0 P 0
L 1.7929134 2.7959055 1.8129134 2.7859055 0 P 0
L 1.7929134 2.8159055 1.8129134 2.8259055 0 P 0
L 1.8029134 2.7559055 1.8129134 2.7359055 0 P 0
L 1.8029134 2.7559055 1.8129134 2.7759055 0 P 0
L 1.8029134 2.8059055 1.8129134 2.7859055 0 P 0
L 1.8029134 2.8059055 1.8129134 2.8259055 0 P 0
L 1.8113386 0.9051969 1.8113386 0.9451969 0 P 0
L 1.8113386 1.8107087 1.8113386 1.8507087 0 P 0
L 1.8229134 2.7359055 1.8329134 2.7559055 0 P 0
L 1.8229134 2.7359055 1.8429134 2.7459055 0 P 0
L 1.8229134 2.7759055 1.8329134 2.7559055 0 P 0
L 1.8229134 2.7759055 1.8429134 2.7659055 0 P 0
L 1.8229134 2.7859055 1.8329134 2.8059055 0 P 0
L 1.8229134 2.7859055 1.8429134 2.7959055 0 P 0
L 1.8229134 2.8259055 1.8329134 2.8059055 0 P 0
L 1.8229134 2.8259055 1.8429134 2.8159055 0 P 0
L 1.8429134 2.7459055 1.8629134 2.7359055 0 P 0
L 1.8429134 2.7659055 1.8629134 2.7759055 0 P 0
L 1.8429134 2.7959055 1.8629134 2.7859055 0 P 0
L 1.8429134 2.8159055 1.8629134 2.8259055 0 P 0
L 1.8529134 2.7559055 1.8629134 2.7359055 0 P 0
L 1.8529134 2.7559055 1.8629134 2.7759055 0 P 0
L 1.8529134 2.8059055 1.8629134 2.7859055 0 P 0
L 1.8529134 2.8059055 1.8629134 2.8259055 0 P 0
L 1.8729134 2.7359055 1.8829134 2.7559055 0 P 0
L 1.8729134 2.7359055 1.8929134 2.7459055 0 P 0
L 1.8729134 2.7759055 1.8829134 2.7559055 0 P 0
L 1.8729134 2.7759055 1.8929134 2.7659055 0 P 0
L 1.8729134 2.7859055 1.8829134 2.8059055 0 P 0
L 1.8729134 2.7859055 1.8929134 2.7959055 0 P 0
L 1.8729134 2.8259055 1.8829134 2.8059055 0 P 0
L 1.8729134 2.8259055 1.8929134 2.8159055 0 P 0
L 1.8929134 2.7459055 1.9129134 2.7359055 0 P 0
L 1.8929134 2.7659055 1.9129134 2.7759055 0 P 0
L 1.8929134 2.7959055 1.9129134 2.7859055 0 P 0
L 1.8929134 2.8159055 1.9129134 2.8259055 0 P 0
L 1.9029134 2.7559055 1.9129134 2.7359055 0 P 0
L 1.9029134 2.7559055 1.9129134 2.7759055 0 P 0
L 1.9029134 2.8059055 1.9129134 2.7859055 0 P 0
L 1.9029134 2.8059055 1.9129134 2.8259055 0 P 0
L 1.9229134 2.7359055 1.9329134 2.7559055 0 P 0
L 1.9229134 2.7359055 1.9429134 2.7459055 0 P 0
L 1.9229134 2.7759055 1.9329134 2.7559055 0 P 0
L 1.9229134 2.7759055 1.9429134 2.7659055 0 P 0
L 1.9229134 2.7859055 1.9329134 2.8059055 0 P 0
L 1.9229134 2.7859055 1.9429134 2.7959055 0 P 0
L 1.9229134 2.8259055 1.9329134 2.8059055 0 P 0
L 1.9229134 2.8259055 1.9429134 2.8159055 0 P 0
L 1.9429134 2.7459055 1.9629134 2.7359055 0 P 0
L 1.9429134 2.7659055 1.9629134 2.7759055 0 P 0
L 1.9429134 2.7959055 1.9629134 2.7859055 0 P 0
L 1.9429134 2.8159055 1.9629134 2.8259055 0 P 0
L 1.9529134 2.7559055 1.9629134 2.7359055 0 P 0
L 1.9529134 2.7559055 1.9629134 2.7759055 0 P 0
L 1.9529134 2.8059055 1.9629134 2.7859055 0 P 0
L 1.9529134 2.8059055 1.9629134 2.8259055 0 P 0
